0005251
0006204
0007129
0003722
0007430
0008069
0004981
0003147
0005103
0000292
0007441
0000352
0001255
0005235
0004022
0006117
0006006
0004218
0006056
0002482
0004504
0003509
0001837
0001738
0002412
0006569
0003483
0000346
0000220
0005464
0002072
0006037
0005202
0007299
0004644
0001068
0002223
0007682
0007072
0007151
0007306
0003182
0002090
0006911
0007673
0003703
0003384
0003748
0000738
0002390
0001964
0001754
0006049
0007749
0003741
0007108
0004503
0007913
0006797
0004038
0001071
0004366
0000905
0004384
0001221
0004633
0005402
0001237
0004103
0000746
0000369
0006675
0001845
0006271
0000277
0001319
0007687
0007227
0002231
0006753
0000874
0007661
0000934
0000977
0003092
0006622
0002699
0001433
0002006
0004497
0003133
0003445
0005314
0008615
0007640
0000520
0006131
0006765
0004359
0000579
0002915
0006455
0005107
0001726
0000163
0002455
0000050
0002219
0004467
0006414
0003951
0007944
0007607
0002016
0000930
0002091
0006261
0001039
0006274
0001751
0000830
0002926
0003031
0002619
0005203
0002329
0006232
0004006
0008253
0006681
0007742
0000714
0006501
0001344
0001411
0003965
0002620
0000703
0007199
0002391
0004757
0002302
0000941
0003960
0004226
0000108
0004667
0008477
0001382
0002083
0000660
0005281
0006866
0000080
0002791
0003736
0002117
0000341
0007149
0002651
0003207
0001663
0004201
0007946
0000883
0007008
0002401
0003617
0004143
0002140
0002266
0003624
0000597
0003200
0005946
0001732
0003892
0000607
0008634
0001963
0000491
0004002
0006099
0007294
0006253
0001290
0007452
0007677
0001275
0000413
0008437
0007949
0002162
0005298
0005599
0001522
0004501
0004661
0004643
0003105
0002804
0006103
0001233
0005656
0007911
0005064
0008442
0002643
0005293
0002495
0007436
0000774
0003652
0008346
0003505
0001211
0006804
0007741
0004311
0005096
0007231
0004974
0003682
0003998
0006027
0005948
0001154
0004338
0004479
0003046
0005924
0000494
0006980
0008311
0003968
0005691
0005492
0003804
0001614
0001592
0001245
0001228
0002155
0003547
0001643
0002790
0005728
0000737
0001198
0007952
0001368
0005239
0000879
0004139
0002167
0006979
0007497
0003098
0008522
0003423
0005008
0006856
0000783
0004905
0000990
0005297
0004436
0007344
0008642
0006643
0002896
0007781
0007529
0000917
0006902
0006543
0006989
0003686
0008047
0008306
0003693
0002125
0000892
0005455
0000449
0003037
0007754
0003058
0001427
0004341
0002027
0001297
0005020
0006308
0007374
0004608
0002543
0001755
0002057
0002936
0001771
0007258
0003647
0003381
0007049
0006488
0002151
0008558
0000496
0002388
0008490
0003997
0000315
0000803
0006735
0001136
0000185
0002690
0000585
0005136
0008008
0004864
0006962
0004420
0006893
0001415
0000394
0005967
0004863
0006926
0004165
0001509
0003648
0008612
0000041
0002156
0007878
0003418
0005738
0007821
0004720
0001937
0008106
0001118
0005187
0006497
0002226
0004050
0007603
0000487
0003904
0000355
0004830
0000542
0007411
0002586
0007839
0008424
0005516
0004662
0002265
0000257
0008149
0002773
0007829
0004421
0002641
0001021
0002066
0003305
0007907
0000383
0004298
0005394
0004581
0006899
0006817
0005628
0003094
0003159
0001043
0006199
0000142
0005401
0001091
0006391
0008370
0000514
0004410
0004876
0008371
0006556
0001547
0003763
0001929
0005527
0002722
0003255
0001808
0004413
0007488
0001273
0007569
0000529
0006641
0005915
0004611
0007016
0000288
0008575
0008226
0002994
0004105
0003628
0001407
0003380
0007517
0006905
0003410
0006823
0007919
0005953
0004574
0007534
0003999
0007619
0002165
0005159
0000681
0000347
0000922
0007393
0005758
0004664
0001996
0001962
0004754
0007406
0007675
0003759
0002902
0000904
0006594
0004998
0006346
0006423
0006744
0001976
0007223
0003523
0001461
0004305
0003131
0002470
0005468
0001861
0004075
0000308
0004763
0006695
0007884
0005603
0006874
0002858
0000293
0000616
0004220
0007657
0007590
0001706
0008428
0005454
0001437
0001227
0008075
0006773
0007738
0004829
0002063
0005376
0003288
0000984
0004173
0007780
0005841
0005920
0006189
0001928
0001456
0004715
0004245
0006241
0002751
0008484
0008341
0003463
0002654
0004884
0006986
0001712
0005545
0008572
0008280
0003803
0006154
0006449
0002857
0007402
0002392
0002446
0002612
0005664
0007304
0008266
0002089
0000543
0003282
0003702
0004268
0002465
0002995
0008638
0006112
0003883
0003420
0008186
0006448
0003553
0008449
0006816
0005968
0005171
0005132
0007082
0000505
0003626
0008426
0006035
0006578
0004952
0003163
0004082
0006191
0008629
0002950
0002179
0000435
0005713
0005647
0007995
0003334
0003393
0005127
0002305
0005947
0002002
0001680
0004558
0002997
0002674
0001543
0007017
0002876
0008329
0003963
0007818
0003054
0000509
0008503
0003224
0001836
0004158
0002195
0004048
0003225
0006786
0007788
0005636
0006761
0008324
0004894
0006469
0008105
0006878
0006783
0003843
0006807
0002314
0000333
0004401
0006036
0005167
0003750
0006200
0001692
0007690
0005922
0007729
0002671
0000344
0001216
0008584
0000253
0004481
0001483
0005624
0005549
0003299
0004526
0006108
0003771
0006424
0005696
0003866
0002711
0006464
0001404
0006672
0005618
0001521
0002380
0000147
0001460
0008261
0008509
0002399
0001079
0006775
0005240
0001447
0001759
0006898
0008536
0007426
0007577
0003129
0006313
0004407
0007127
0005192
0001624
0008378
0001630
0001954
0000925
0003284
0004866
0006024
0002377
0005808
0000724
0007571
0000148
0004826
0007346
0004749
0003776
0007557
0005169
0004970
0003938
0002159
0005544
0006148
0000679
0007797
0001832
0001250
0004184
0005157
0000141
0007200
0003069
0002462
0001935
0006904
0003662
0006784
0002797
0006406
0003583
0007116
0007855
0005839
0002874
0005122
0005153
0003053
0004656
0006513
0008429
0005247
0003901
0008319
0007608
0008547
0003694
0007525
0002662
0008043
0003697
0002824
0008192
0006338
0004792
0004081
0004323
0007219
0006341
0002444
0006544
0004688
0000016
0006666
0004358
0005505
0007390
0007800
0003592
0005400
0000964
0003787
0000501
0006737
0007605
0006663
0005049
0003613
0002737
0003029
0004810
0004085
0008603
0007593
0007029
0001879
0001841
0006964
0005907
0008216
0004433
0004332
0008089
0004776
0007477
0003473
0004458
0000470
0005377
0001804
0007300
0008408
0005974
0003824
0003780
0000825
0004198
0000323
0001693
0006438
0006937
0005378
0003300
0001353
0001801
0004317
0000232
0003845
0005807
0003064
0004415
0005357
0008425
0008383
0005543
0007172
0000860
0005364
0000500
0005685
0003875
0007838
0006190
0007163
0000604
0004444
0001076
0008151
0002891
0005893
0000811
0005384
0007168
0003217
0001688
0008037
0004930
0003289
0002974
0003749
0008358
0004269
0007652
0003764
0003341
0008409
0007332
0006916
0001561
0001604
0001517
0005490
0001589
0007712
0005773
0002009
0001768
0001957
0003256
0000118
0001057
0001036
0000289
0000796
0006302
0001960
0004856
0005182
0003428
0007572
0002269
0007613
0003548
0003631
0002381
0008527
0005461
0000802
0000710
0003254
0004297
0000338
0001182
0001750
0007600
0000105
0003897
0005619
0001243
0001864
0002056
0001510
0000032
0002078
0008072
0002564
0004782
0000861
0006991
0004046
0007058
0007355
0004025
0002313
0007215
0000590
0001432
0003828
0007774
0000762
0002668
0000582
0003552
0005482
0007046
0008595
0002863
0008073
0008397
0002241
0006847
0005486
0005066
0000961
0007991
0001822
0004787
0006107
0007716
0005373
0003424
0002422
0008014
0006372
0006619
0004021
0008331
0000489
0006756
0000138
0008123
0003600
0004613
0007804
0000457
0001831
0003620
0000528
0002215
0000158
0002667
0006763
0006690
0001056
0003745
0006080
0000366
0004459
0001458
0002237
0001926
0000244
0000899
0004017
0004120
0008345
0003673
0007667
0007960
0002527
0001194
0001588
0008269
0004602
0006717
0003756
0006507
0000639
0005116
0001858
0000130
0007523
0006850
0002421
0001930
0004888
0003186
0003657
0005369
0008013
0000000
0002909
0004031
0002200
0002225
0001563
0006616
0006673
0003056
0008087
0008007
0001749
0006674
0000526
0006889
0005570
0006671
0000317
0001016
0003674
0007899
0006063
0000183
0000886
0004775
0006075
0006230
0008274
0004331
0001453
0002869
0006570
0004150
0005714
0008315
0006762
0003493
0001215
0007794
0007465
0003223
0005846
0005711
0006076
0008566
0005092
0005704
0005299
0005383
0004423
0008401
0004055
0006539
0006090
0007937
0004559
0001922
0005929
0003199
0004176
0001925
0007185
0001683
0004302
0002122
0005614
0005818
0000161
0005250
0000131
0004418
0004211
0003354
0000291
0005339
0001623
0008304
0006350
0001338
0002670
0006960
0005371
0007364
0002675
0002649
0007877
0006863
0006058
0006562
0002134
0002347
0002889
0006751
0003665
0003924
0001797
0006332
0005282
0000194
0002736
0005279
0002520
0008391
0003746
0005296
0000045
0002989
0005673
0005651
0007932
0008405
0000700
0006516
0002782
0007459
0003576
0005551
0003591
0008578
0002539
0000359
0000403
0000854
0003810
0007843
0004798
0001348
0001280
0006700
0007702
0000680
0007334
0004086
0000522
0000609
0004307
0008056
0007081
0002097
0001502
0003173
0003672
0006732
0007288
0005687
0002220
0003482
0006399
0001139
0007872
0007609
0007033
0007088
0000507
0003515
0004686
0008461
0002077
0004968
0007519
0004750
0006310
0005428
0000809
0000389
0001676
0004524
0002288
0005405
0006221
0008140
0000053
0000593
0005045
0003089
0004363
0007112
0003258
0000683
0000640
0000070
0005743
0003187
0005217
0007564
0002546
0005325
0000112
0001730
0003039
0000096
0000959
0008602
0007668
0003925
0002882
0003808
0006702
0001333
0007338
0003987
0003388
0007527
0003484
0006876
0004255
0004275
0005372
0007396
0005190
0005789
0006952
0001222
0005730
0008119
0003899
0004215
0008521
0007772
0003260
0004126
0005757
0001984
0000846
0000102
0003908
0000463
0002986
0008450
0000406
0006795
0004461
0005700
0004177
0000268
0000261
0006033
0002694
0006759
0003542
0006219
0002731
0002193
0002055
0006161
0001017
0007448
0000927
0007213
0003770
0006119
0001863
0001578
0001645
0003389
0002132
0002327
0001022
0002682
0002367
0006656
0000098
0004484
0004717
0005515
0007101
0002867
0007721
0004112
0008218
0007708
0006165
0002293
0000377
0004875
0004740
0005985
0001735
0002661
0008517
0008046
0001596
0008193
0002946
0004476
0002916
0005891
0005120
0008247
0000801
0001778
0000217
0008198
0004957
0008483
0006669
0001665
0001765
0007425
0002135
0008390
0004230
0004556
0001757
0006536
0002026
0005027
0001037
0003467
0003870
0004731
0005590
0004416
0007939
0007598
0006100
0004701
0004453
0002572
0002408
0007019
0007790
0003335
0006977
0005849
0007943
0001931
0003042
0006843
0005483
0003436
0002912
0002484
0005118
0001890
0004495
0007555
0005410
0003587
0008011
0000625
0006293
0000306
0005963
0007118
0007090
0002119
0008108
0002242
0001247
0006787
0008633
0008532
0002760
0003564
0003293
0002258
0000259
0002806
0004933
0000674
0001871
0007737
0008605
0000267
0000569
0003383
0005736
0007042
0001156
0005014
0006305
0008567
0000299
0003967
0001189
0005154
0003443
0007371
0007817
0005910
0001267
0005134
0004991
0004621
0002764
0003074
0008214
0000224
0006799
0007545
0007341
0001828
0003876
0003926
0003690
0004978
0003842
0008470
0006668
0000043
0003126
0004966
0002672
0000248
0000229
0000433
0005548
0004594
0003321
0008432
0007902
0001014
0008237
0003002
0004964
0007905
0000326
0000390
0008458
0004843
0002295
0000647
0003849
0002715
0000852
0000936
0003480
0007394
0002971
0004942
0002120
0003812
0006403
0005815
0003708
0000776
0002107
0006491
0005532
0007614
0001985
0002577
0003465
0005236
0006506
0005390
0005733
0000210
0006802
0001148
0005556
0007630
0008410
0000981
0006316
0005026
0000062
0000621
0002099
0001214
0001232
0006323
0002274
0005260
0006141
0002652
0006447
0002499
0005430
0006848
0003978
0006300
0002460
0006388
0008243
0004669
0002588
0007473
0006283
0004041
0006987
0007228
0006984
0000144
0008542
0001728
0000311
0007873
0001303
0008627
0006967
0007906
0006135
0008422
0004648
0007203
0005174
0004182
0000309
0000940
0008207
0006963
0003855
0005982
0007976
0003345
0002852
0001715
0006257
0006432
0007051
0006044
0008594
0005594
0002488
0005264
0004272
0001756
0004101
0003688
0001089
0001999
0005241
0000164
0005109
0007713
0004403
0002466
0003161
0003325
0001362
0004539
0004766
0006545
0003007
0002131
0007286
0000962
0001488
0007813
0001446
0005039
0007956
0006067
0000713
0003112
0008599
0001491
0001766
0006818
0002774
0002439
0003140
0001416
0000091
0003920
0001657
0003911
0008443
0003115
0001395
0008351
0005408
0004429
0003791
0007711
0007035
0006074
0004595
0002547
0008323
0007192
0006750
0005142
0001788
0003257
0003720
0003360
0002404
0006126
0002725
0006429
0007583
0003753
0007076
0002127
0006531
0007595
0008030
0000594
0007761
0007445
0006939
0006815
0004174
0000447
0006604
0006855
0002187
0008291
0004185
0002286
0002850
0001412
0001710
0006404
0003988
0005668
0005864
0001586
0003132
0004167
0008479
0000787
0005324
0002506
0003571
0005793
0001170
0000385
0000707
0002202
0005226
0005326
0000497
0004408
0007853
0004376
0000504
0005811
0000601
0003479
0007054
0004121
0003106
0003004
0006711
0002868
0006263
0002748
0001847
0007734
0006974
0003961
0005950
0001204
0005585
0007820
0002639
0007916
0007688
0003954
0003141
0006272
0006057
0003681
0006571
0007216
0008430
0006130
0005563
0000235
0006465
0007898
0005485
0002008
0002953
0002980
0007435
0002856
0000120
0001469
0001401
0003247
0006813
0006719
0001032
0006258
0008482
0007502
0006585
0008561
0002352
0002369
0004885
0004389
0004137
0007762
0002756
0004557
0001323
0000915
0004012
0006540
0006689
0006883
0001324
0004333
0006509
0006097
0004696
0004336
0005370
0000580
0006696
0006705
0002181
0000137
0006236
0008476
0005928
0002081
0008499
0007351
0002548
0004590
0000702
0005540
0004868
0002753
0002881
0007330
0005753
0004136
0006745
0008625
0002270
0008574
0003125
0007392
0005042
0004492
0007293
0000986
0000923
0007089
0006928
0006757
0006234
0002073
0007890
0008021
0004670
0005865
0000697
0001405
0006340
0006838
0007360
0004424
0000404
0003005
0007826
0003205
0007107
0002964
0006213
0006249
0004927
0003551
0005634
0003540
0001760
0002291
0002871
0005698
0000492
0005734
0001669
0007427
0001969
0002801
0007972
0003713
0005051
0007648
0008200
0003371
0005358
0000175
0005244
0000438
0007940
0003496
0006392
0006441
0006268
0000237
0003262
0008292
0008604
0008293
0008064
0001498
0006169
0002014
0006862
0000870
0001201
0008109
0006334
0006473
0004092
0000648
0007397
0003656
0002724
0004533
0000426
0002339
0007314
0005141
0001877
0001554
0007783
0005888
0007696
0002328
0004029
0000751
0008433
0001616
0001970
0005333
0004396
0007102
0001003
0001096
0002018
0000842
0006375
0004350
0006842
0001581
0005983
0008130
0001681
0002362
0002610
0007091
0007320
0000785
0000524
0001434
0006714
0003444
0001783
0000894
0003796
0006052
0005138
0002883
0002502
0004959
0000319
0003834
0007996
0008126
0007267
0004928
0003544
0002366
0006779
0006636
0004729
0004438
0002712
0000482
0001899
0004129
0005438
0001508
0007681
0006670
0002005
0007254
0003919
0000461
0003026
0008258
0002544
0002514
0007684
0003193
0002463
0001343
0004505
0007429
0003692
0001178
0000348
0005976
0008553
0006503
0006086
0005078
0003738
0007959
0005901
0007482
0005150
0001539
0008206
0007205
0000548
0000795
0003755
0007732
0007350
0001042
0000092
0001570
0007787
0003062
0004739
0003356
0005912
0000946
0008115
0001218
0007063
0006593
0007891
0000064
0008588
0007158
0003622
0007521
0003649
0007322
0000622
0001872
0002834
0005453
0000976
0008528
0005980
0000839
0006608
0000775
0001886
0004889
0003952
0007292
0008336
0000506
0001933
0003980
0000995
0000953
0002772
0000047
0000767
0002901
0006197
0002538
0001373
0006105
0001947
0002925
0006758
0007100
0001419
0004634
0006216
0006450
0000887
0001365
0004163
0000160
0004793
0007984
0004734
0002815
0004339
0003895
0000019
0006644
0002481
0000573
0003558
0002977
0000014
0007576
0000729
0002256
0002533
0005675
0008353
0001326
0008389
0002023
0006159
0000155
0003407
0007281
0004380
0003514
0005222
0000471
0001252
0006321
0004020
0005955
0001301
0002656
0005889
0004286
0000192
0003989
0006353
0007636
0001994
0001878
0003766
0007628
0002531
0005906
0004056
0005586
0004603
0004450
0007260
0007400
0001906
0003227
0007010
0002166
0007273
0007182
0003174
0006639
0006610
0008455
0004825
0005444
0008335
0000924
0004381
0002400
0003373
0002245
0004971
0003549
0004806
0002061
0000614
0000695
0003680
0006082
0000732
0005212
0003586
0007180
0005759
0004316
0007472
0001239
0001610
0000212
0007214
0005345
0000129
0008412
0004148
0002419
0004903
0003519
0004005
0008388
0000395
0002182
0005923
0001717
0006416
0005316
0002609
0007422
0005232
0003298
0008592
0003160
0006521
0005175
0002836
0002059
0006405
0003867
0000794
0006853
0007633
0004895
0003265
0007659
0003636
0002517
0005977
0006380
0004706
0003041
0005036
0005639
0001736
0007643
0006676
0001282
0001439
0000805
0001813
0004325
0008298
0003348
0001891
0004540
0006205
0006971
0008009
0007968
0004733
0007635
0005767
0000720
0005465
0000298
0005653
0002754
0004820
0004794
0005660
0005195
0003408
0002701
0000029
0003837
0005791
0008141
0002118
0003556
0002968
0002963
0003277
0008128
0003296
0007325
0003011
0000453
0006472
0004805
0000957
0007594
0000436
0005108
0003222
0001048
0003490
0003326
0000458
0002303
0008510
0002637
0005645
0003730
0007988
0000966
0001291
0005321
0005365
0008451
0007373
0004860
0005331
0001631
0005558
0005754
0007468
0003434
0008194
0004571
0001697
0006632
0002568
0000275
0007470
0002423
0003155
0003481
0007133
0003820
0004658
0002252
0003774
0004545
0007073
0008287
0003958
0005582
0001070
0002024
0000039
0007241
0004382
0002579
0008609
0007384
0000252
0000294
0000620
0001359
0002249
0003394
0006833
0008579
0004217
0002597
0002382
0000649
0001792
0002277
0005288
0000077
0000274
0004409
0001942
0006530
0003411
0001095
0000479
0000859
0005268
0006136
0000191
0002453
0007953
0008540
0000189
0000134
0003149
0001790
0008352
0002606
0008354
0000021
0003491
0001138
0001977
0002862
0007980
0003944
0007903
0001171
0002152
0006582
0003645
0001053
0000263
0004726
0001973
0007606
0007438
0001440
0004551
0008057
0006560
0003413
0007250
0003209
0008582
0001912
0005069
0001932
0000281
0005814
0003157
0003728
0006803
0006607
0002478
0008034
0002973
0004445
0004145
0002004
0002325
0001865
0007757
0007285
0000733
0001311
0007251
0000302
0007272
0003700
0004678
0003933
0006806
0001936
0003979
0003781
0002001
0000837
0002028
0000821
0008146
0000278
0006032
0000405
0006084
0003250
0004132
0008097
0003502
0005033
0003884
0006724
0001489
0001875
0008172
0005531
0005688
0007412
0008228
0001220
0007893
0002621
0007252
0005389
0008526
0002673
0004280
0005128
0004514
0005440
0004079
0005065
0008402
0001848
0006235
0005882
0005533
0000841
0001011
0005021
0007496
0004340
0006851
0002532
0007181
0005857
0007627
0003794
0004588
0000880
0005067
0005095
0008197
0003840
0002049
0005840
0003567
0005632
0006395
0001503
0002758
0004456
0006369
0002254
0001787
0005683
0004778
0006303
0006652
0004414
0007031
0003831
0004859
0006284
0000538
0007248
0008325
0006770
0002103
0000225
0001086
0000843
0004019
0007093
0005887
0006567
0004246
0005709
0008041
0008613
0005716
0006496
0004377
0007307
0003711
0004606
0008259
0007697
0001816
0004797
0002802
0007511
0001157
0003210
0002498
0004532
0007386
0006930
0001672
0000756
0002627
0000600
0006381
0000408
0000303
0006421
0002647
0006365
0008395
0005162
0004513
0002128
0003369
0005473
0004680
0006621
0008211
0006858
0004361
0000888
0006577
0004097
0000673
0000628
0003399
0000465
0003881
0002960
0000273
0005436
0001533
0006547
0004790
0002786
0006174
0006298
0007368
0001513
0002344
0007789
0004838
0004819
0002590
0002370
0007674
0008262
0002504
0001762
0003917
0000722
0006291
0000152
0007705
0001781
0002800
0005819
0006568
0000093
0005568
0008152
0006065
0005654
0005601
0002831
0004084
0006574
0005975
0006415
0001317
0001637
0004051
0000891
0004944
0007003
0005234
0002221
0002660
0004936
0008176
0002000
0007508
0004187
0007622
0004404
0003460
0004857
0002085
0004264
0000106
0001283
0000375
0002768
0003696
0003297
0002795
0002665
0006461
0000687
0001911
0006829
0000083
0002154
0007270
0007062
0001809
0003923
0007068
0008256
0008082
0000792
0000602
0001103
0004708
0006824
0005002
0003397
0003426
0000572
0003208
0004214
0000672
0000969
0002290
0004604
0008385
0006295
0007340
0006123
0004780
0007067
0001093
0000166
0001555
0002969
0001364
0001743
0008090
0000247
0004472
0005259
0007370
0000814
0001609
0004591
0000035
0007206
0001092
0008641
0007812
0003366
0007758
0008048
0005346
0008054
0005621
0007730
0001493
0002141
0007485
0001002
0007914
0001713
0003068
0004674
0007004
0003478
0008486
0004130
0002809
0005875
0001225
0006048
0000391
0000850
0003170
0001320
0001558
0001196
0006875
0001779
0002094
0007926
0003844
0008137
0007538
0004465
0002190
0001224
0006810
0004070
0002183
0001360
0002625
0002442
0004498
0007499
0002387
0008543
0006299
0005257
0007001
0003679
0002020
0006327
0007947
0006147
0000151
0002250
0006237
0008113
0007566
0007446
0002010
0003640
0002738
0004962
0004618
0007870
0005013
0006519
0007987
0003336
0000935
0003169
0001998
0002170
0003727
0008318
0000836
0001638
0004612
0004320
0007372
0008285
0000979
0002271
0000636
0007842
0005886
0005643
0000412
0005327
0001687
0003117
0006617
0008145
0005233
0007750
0002830
0008496
0005368
0002153
0005665
0007136
0004089
0000485
0003168
0004906
0003666
0005835
0000178
0006411
0001723
0000434
0001564
0002276
0006925
0001358
0006055
0004237
0006767
0001667
0008165
0006229
0005457
0002246
0002560
0006955
0007433
0007032
0005275
0004468
0000100
0007145
0007887
0008508
0005561
0006493
0000867
0001827
0006927
0006728
0006481
0007343
0001414
0002492
0000960
0004216
0004102
0005228
0006647
0004106
0000684
0005119
0004882
0001761
0006137
0002945
0007132
0004924
0004869
0004087
0003902
0000780
0008531
0001072
0001949
0005211
0000826
0005845
0001839
0006244
0003524
0000715
0007027
0002990
0002552
0000890
0003323
0006043
0000963
0002260
0002240
0003669
0001915
0004397
0007261
0000162
0006919
0006038
0002847
0004328
0004044
0000611
0005076
0006667
0007071
0008600
0005191
0001241
0004890
0000400
0005161
0007255
0004872
0004426
0003566
0000409
0004219
0000415
0007451
0005916
0003110
0007520
0002707
0007942
0007802
0003521
0000868
0002372
0002043
0003816
0007615
0008333
0005896
0002599
0001486
0002523
0000416
0002087
0000881
0004374
0008445
0002139
0006739
0004632
0004259
0001782
0001575
0005575
0004852
0002878
0000965
0001119
0006170
0003274
0000370
0006716
0000848
0001685
0000474
0007500
0003813
0003913
0006888
0004965
0002608
0007264
0003196
0008017
0000591
0005661
0002273
0002631
0005961
0005650
0006694
0002893
0008236
0006390
0005960
0004989
0001634
0007217
0002426
0002114
0005597
0007095
0004848
0006872
0001582
0008452
0000037
0006315
0006478
0006487
0004789
0007876
0004871
0000342
0003387
0001727
0008299
0003744
0007930
0008586
0005292
0003836
0006646
0002487
0005099
0001398
0007155
0006282
0007153
0006342
0005426
0006764
0004088
0008550
0004191
0003765
0003109
0004127
0001694
0003635
0007706
0003806
0001142
0006792
0000760
0005986
0003468
0005717
0003017
0008288
0007806
0006181
0007315
0004972
0004722
0000856
0001421
0000671
0007055
0001258
0000857
0008174
0007130
0001107
0001266
0000424
0006595
0002827
0001197
0002157
0000829
0003715
0000154
0001867
0002034
0006553
0005890
0005023
0004700
0003082
0007491
0006935
0003453
0002042
0001188
0000583
0003850
0007533
0001734
0002692
0001622
0002454
0003452
0000553
0004943
0001923
0002759
0001479
0007498
0005719
0002312
0008230
0004212
0003940
0004172
0004832
0002603
0007413
0007366
0001584
0004045
0006600
0003264
0006072
0007803
0002553
0004999
0006811
0003751
0003767
0001111
0000562
0008102
0005994
0000117
0002958
0007698
0000897
0005565
0005592
0007610
0005996
0007805
0000072
0005749
0008131
0000933
0001597
0002356
0004541
0004257
0004061
0002064
0003590
0001312
0006030
0006278
0001269
0005828
0001659
0007333
0005593
0002457
0005854
0001986
0002516
0005179
0005332
0007124
0007104
0004322
0007951
0003627
0003575
0004840
0001185
0001590
0003658
0000387
0007061
0001675
0005223
0007483
0000559
0001497
0000006
0008507
0005334
0007979
0004770
0007458
0005720
0001883
0006613
0007418
0005613
0006231
0001695
0000608
0001441
0004180
0007150
0006326
0001532
0004651
0007481
0004619
0006653
0005231
0007279
0004520
0007929
0005100
0006809
0004761
0006009
0004746
0003237
0001916
0008313
0006208
0000677
0004375
0000393
0004704
0002561
0007647
0004349
0002383
0004605
0000456
0004485
0000552
0002458
0000759
0003095
0000871
0003992
0005229
0002355
0004373
0000768
0005670
0008548
0005823
0007974
0008380
0006325
0002353
0004641
0004995
0004153
0001505
0006532
0004873
0000971
0005895
0008223
0008552
0007666
0004480
0007167
0004547
0007941
0000764
0002243
0000618
0000571
0000321
0006720
0007224
0003945
0002186
0005133
0000079
0006896
0002309
0001352
0002451
0004993
0000410
0004080
0000242
0008492
0001601
0005484
0001122
0005863
0003218
0007923
0005725
0007950
0007570
0003827
0005761
0008240
0003275
0003675
0007178
0002022
0003178
0003760
0002343
0003629
0007840
0003486
0008039
0003577
0005952
0000123
0003337
0002299
0000467
0005821
0002930
0000831
0005343
0006062
0008286
0004233
0005589
0003432
0002897
0005224
0001811
0000975
0002129
0008523
0000193
0008121
0003852
0004915
0004639
0002393
0004867
0006913
0004718
0007722
0003415
0005479
0005553
0005038
0005784
0008489
0000239
0006430
0003599
0006492
0007337
0007318
0007602
0003285
0002848
0005833
0005790
0000721
0002853
0008583
0006870
0005611
0000051
0002777
0000104
0006741
0000150
0003494
0005481
0001551
0001823
0004510
0005059
0004850
0006413
0004329
0005681
0005007
0003368
0001824
0000007
0002011
0008019
0005937
0003976
0008040
0004683
0006460
0006309
0001838
0008334
0003948
0005423
0001310
0005322
0003853
0004732
0008122
0005336
0001240
0002065
0007778
0006110
0001950
0003633
0004685
0001397
0006564
0001572
0007220
0001474
0001361
0001475
0001028
0005612
0006957
0006079
0007225
0004347
0007007
0000384
0008309
0001061
0001910
0003805
0004124
0007166
0002906
0006998
0003138
0003065
0007581
0002558
0007005
0005208
0001074
0006173
0001576
0006747
0008518
0002840
0003492
0008534
0006459
0006954
0002461
0003232
0004489
0004277
0003107
0004926
0001355
0006022
0001952
0005938
0005672
0005917
0003048
0004814
0008012
0005043
0001234
0002108
0001123
0007599
0003034
0005652
0004687
0008096
0006020
0000451
0001894
0003066
0005050
0004035
0007193
0006992
0006426
0002757
0007556
0000804
0007844
0000431
0002411
0004828
0004896
0000444
0007994
0008181
0006129
0005193
0003921
0006727
0005954
0001321
0001274
0002405
0005494
0001829
0005834
0005715
0003768
0003382
0004013
0007565
0005871
0007837
0000495
0003022
0007586
0002713
0007015
0001080
0006109
0001013
0007889
0005242
0004093
0000205
0003742
0004575
0005115
0001646
0002755
0003639
0007971
0001226
0005158
0004194
0007765
0007542
0002880
0006648
0003529
0002146
0007121
0005131
0003466
0007165
0004647
0004742
0001842
0002664
0006387
0008224
0002518
0007414
0006854
0005760
0000374
0002292
0007810
0000170
0000432
0008060
0000402
0007212
0000872
0005082
0000532
0000998
0004434
0003176
0002071
0003701
0008196
0002861
0007888
0003993
0005787
0002197
0007493
0003601
0001534
0003239
0005073
0001278
0001045
0008480
0007271
0000919
0002735
0000222
0004808
0001514
0000376
0008478
0004342
0002342
0005908
0004586
0000646
0000044
0005000
0002970
0004624
0003882
0007000
0002591
0001126
0003554
0000266
0005491
0005097
0002575
0002851
0002594
0004326
0005253
0007358
0002734
0000913
0006256
0007650
0002315
0004001
0006834
0008232
0003087
0005824
0007177
0002278
0004620
0006990
0005477
0000379
0004354
0005933
0000099
0001287
0006502
0007244
0000090
0006495
0004853
0003819
0001262
0005396
0002379
0002574
0006611
0000071
0006661
0006162
0004144
0004535
0006440
0002993
0005463
0004975
0000993
0007644
0005385
0003000
0001406
0005567
0001817
0005216
0004362
0008160
0005456
0007084
0001799
0005858
0007312
0007080
0003915
0003272
0006688
0004448
0003290
0003539
0002870
0003050
0006631
0002961
0005121
0001393
0003889
0003789
0004710
0002910
0002098
0001060
0001654
0005862
0006914
0000855
0005741
0002524
0006142
0008091
0004622
0006777
0007495
0004851
0006910
0002798
0006317
0004935
0002301
0007087
0003009
0000418
0005301
0002483
0001288
0004474
0000421
0000613
0006124
0007039
0002696
0003116
0007043
0004166
0006292
0005778
0008568
0003829
0005530
0003817
0001008
0008167
0008195
0003569
0007752
0000595
0005435
0007025
0000477
0006098
0002669
0007367
0007006
0004815
0006425
0000931
0008026
0004544
0001689
0003038
0005315
0000200
0002318
0008307
0002216
0006533
0005993
0005449
0001742
0005740
0002563
0001195
0000947
0007020
0000462
0004811
0000279
0005323
0006419
0004186
0004642
0003955
0006318
0001682
0004747
0004250
0005447
0001982
0003977
0007387
0007568
0006436
0006999
0005165
0001642
0001887
0004207
0006563
0008208
0004534
0001438
0002569
0003346
0007540
0007156
0005697
0006805
0001342
0006238
0001746
0001467
0000789
0004847
0001956
0003918
0006214
0006894
0002376
0002207
0004707
0001012
0001206
0004560
0000712
0001207
0003108
0003027
0004719
0003469
0005399
0008326
0004831
0007311
0000603
0004096
0001445
0002264
0002761
0001729
0002048
0000428
0000351
0008636
0004566
0007638
0003769
0007021
0003295
0001040
0006158
0005205
0007747
0002189
0003798
0007845
0004393
0003593
0005727
0001600
0001418
0005466
0002723
0004138
0002191
0000498
0004321
0006557
0003873
0003868
0003402
0007834
0004152
0001394
0004427
0001166
0008570
0006624
0008112
0001084
0000238
0004824
0008132
0001520
0004346
0001098
0003437
0006485
0007671
0008339
0006511
0004874
0001090
0004646
0007725
0003077
0000245
0003171
0003528
0001707
0005318
0001106
0002511
0007401
0004047
0006907
0006500
0002109
0000182
0000564
0006133
0003230
0006014
0000054
0006655
0006475
0004638
0004610
0005056
0002535
0006470
0005210
0004324
0000537
0007714
0007229
0005899
0001242
0000676
0005506
0005746
0000454
0006959
0003912
0008416
0002341
0007970
0008191
0007060
0005349
0008125
0005342
0007245
0005905
0002635
0000188
0008255
0007146
0008066
0003928
0005469
0005799
0008031
0007910
0000527
0001585
0005958
0001679
0008227
0008344
0007119
0007895
0006708
0005856
0003512
0004162
0007728
0003099
0008312
0004837
0003267
0001567
0005524
0006706
0003761
0002951
0002360
0000739
0000589
0003253
0001248
0003001
0001351
0004282
0008576
0004223
0005966
0005677
0005075
0000869
0005024
0003863
0000753
0008244
0004689
0004122
0004119
0003392
0004205
0007105
0004464
0005658
0003871
0001700
0000132
0004697
0001007
0005693
0001459
0004499
0005012
0000823
0008368
0008020
0002580
0004676
0002746
0005001
0007634
0004548
0006442
0001159
0005539
0001660
0001615
0000167
0007475
0000122
0000440
0002244
0002666
0006322
0008297
0006059
0005029
0001571
0001611
0007663
0000372
0008637
0005959
0006152
0005418
0005605
0008493
0003906
0002203
0004078
0006092
0002826
0004755
0000017
0006665
0006776
0001904
0002335
0005101
0003362
0004672
0008158
0000034
0005061
0005884
0003723
0007931
0002629
0005848
0000059
0002962
0005941
0001442
0000610
0002310
0001230
0000411
0004900
0005335
0003139
0003385
0008514
0001346
0005055
0006820
0001690
0004133
0006184
0005160
0002378
0004301
0004266
0002238
0006017
0006005
0005366
0001369
0004904
0007170
0007240
0003238
0003308
0002233
0003969
0008618
0005944
0007672
0002326
0003033
0005859
0004360
0008569
0005804
0002697
0003091
0002017
0004281
0008213
0002433
0007012
0002657
0005744
0008338
0007308
0000249
0002198
0007140
0005248
0003179
0001793
0003580
0005407
0002491
0002409
0008210
0003137
0000653
0003670
0006457
0000694
0003165
0000401
0006683
0002489
0007354
0004751
0008374
0003040
0001327
0007443
0004529
0006997
0001023
0002332
0002771
0007024
0008620
0004655
0006312
0003795
0000761
0007098
0004735
0003374
0004425
0003900
0007573
0003990
0007036
0003543
0000686
0007289
0004679
0007978
0001047
0003953
0001236
0000632
0005591
0004803
0001443
0000486
0003878
0004062
0000817
0001151
0002934
0007967
0000725
0007791
0003280
0001202
0001429
0007629
0008506
0007559
0001380
0004032
0004567
0003276
0005146
0005113
0002988
0008002
0003357
0007858
0005892
0004252
0004615
0003018
0004027
0003588
0005559
0003464
0003735
0001775
0008032
0008632
0004640
0006869
0003886
0006114
0003070
0005467
0005374
0001814
0001034
0002416
0001454
0007282
0005562
0005048
0004171
0003249
0000113
0006528
0005110
0002680
0007361
0004721
0002939
0003704
0001959
0000828
0004270
0000992
0000380
0005266
0006897
0000690
0005254
0001472
0008317
0007642
0002833
0006041
0004318
0006968
0003364
0006066
0007596
0000567
0003189
0007558
0006273
0003783
0003338
0008475
0006760
0008303
0002096
0005262
0003541
0008205
0007128
0007424
0006324
0006729
0002365
0005676
0008635
0005554
0001223
0000109
0006819
0007945
0000635
0006832
0004345
0002494
0000028
0001821
0003278
0002003
0006586
0002485
0006166
0008555
0001231
0005077
0008050
0008229
0000455
0003322
0001866
0006678
0006612
0005783
0005040
0001656
0000119
0007114
0007720
0006224
0003994
0003355
0001595
0003241
0004549
0004506
0003563
0006373
0001860
0005348
0002785
0008139
0007623
0002284
0003008
0000578
0003507
0000654
0005843
0002541
0003324
0008300
0007326
0001876
0007323
0005091
0000735
0001384
0008294
0007363
0007701
0003142
0002007
0002432
0005764
0007662
0006125
0002688
0004898
0003501
0004227
0002033
0007504
0006220
0001545
0007335
0000094
0005748
0000740
0007918
0002752
0003650
0001385
0006618
0004576
0002176
0008393
0001067
0001544
0007925
0003427
0005931
0000781
0002350
0007811
0001833
0001664
0006194
0008500
0004000
0006781
0005270
0000818
0002999
0002941
0005742
0001205
0007416
0000773
0000736
0007096
0000445
0000952
0005252
0008081
0006088
0005583
0008107
0005074
0004435
0005560
0006938
0004117
0002217
0005350
0006915
0001399
0001559
0005387
0001465
0006917
0003510
0005497
0002447
0004765
0001753
0005629
0002296
0004285
0002747
0005695
0002720
0008396
0002493
0005290
0008004
0007376
0004493
0005420
0003706
0002415
0002298
0007410
0006355
0000519
0001647
0001257
0005284
0000088
0007249
0000060
0001826
0000324
0005089
0001718
0008083
0003015
0003136
0002947
0007617
0006439
0000392
0000513
0001587
0005680
0002630
0000450
0000896
0001133
0000153
0008135
0000011
0001145
0003947
0007440
0001186
0008564
0008281
0007588
0006868
0002600
0007449
0003078
0003729
0000397
0000898
0001425
0003602
0008277
0006019
0006215
0006623
0002224
0006953
0006958
0005703
0002211
0004131
0006361
0002813
0004067
0008581
0004945
0004528
0006972
0002640
0000991
0006524
0007543
0007768
0005990
0003604
0001029
0000533
0001893
0001852
0004091
0001436
0007740
0005853
0000460
0007094
0002476
0004469
0005979
0004552
0000743
0007242
0006630
0008163
0005860
0004447
0006778
0004691
0006940
0007179
0006774
0008045
0004365
0006565
0001409
0003301
0002475
0001776
0005123
0000670
0002304
0000769
0004916
0000980
0005616
0008234
0000472
0007770
0005487
0004727
0003799
0003203
0005504
0004327
0000417
0000866
0006337
0004289
0000650
0001972
0005414
0005566
0001390
0005943
0004386
0001550
0004861
0002730
0002536
0008373
0008438
0005057
0006635
0005991
0002918
0007850
0001336
0006138
0000716
0005878
0002605
0005861
0005936
0006101
0004073
0001794
0006042
0006118
0003777
0007265
0002015
0002814
0004939
0006333
0002972
0002636
0003809
0004582
0000587
0007122
0005309
0003474
0001684
0003516
0004402
0006374
0005512
0005633
0003983
0008018
0003422
0006151
0001752
0005571
0004752
0006175
0008134
0001478
0002992
0007551
0002510
0007612
0000824
0005431
0002702
0007580
0003036
0007830
0001069
0002922
0006435
0006523
0005747
0001109
0003821
0005035
0000414
0008551
0005578
0004919
0006046
0005536
0000362
0007086
0007875
0000523
0007097
0001144
0007142
0006275
0004598
0006825
0004383
0008591
0006008
0004183
0002955
0000367
0001835
0004300
0002794
0004024
0006680
0004003
0005488
0008320
0002585
0006723
0008201
0003712
0001354
0000797
0001795
0000546
0003526
0002522
0005320
0007266
0000204
0006398
0003890
0003644
0004291
0006301
0008488
0004370
0005166
0004037
0008104
0000208
0002279
0007592
0008305
0000176
0000296
0008554
0002230
0003456
0008212
0005424
0008278
0004095
0004783
0006903
0003075
0002333
0007284
0005666
0007403
0005302
0000982
0003801
0004018
0003476
0006982
0002624
0006217
0007009
0005337
0007034
0007309
0002050
0006330
0008006
0001512
0005798
0008606
0006558
0000517
0005499
0001758
0007997
0006251
0003513
0007966
0001325
0003213
0003386
0006599
0001541
0004846
0005538
0001868
0006451
0001524
0002979
0004711
0000136
0000958
0002991
0004709
0002742
0007064
0007505
0006637
0004562
0004449
0000258
0001621
0004494
0001918
0003313
0004912
0007210
0001299
0008624
0006393
0004986
0004650
0002336
0003342
0000605
0006364
0004914
0001400
0008142
0008147
0003025
0002075
0001468
0007859
0006515
0007933
0003412
0002743
0000651
0005437
0006965
0002145
0001304
0002213
0004399
0006909
0008617
0006269
0007365
0002719
0005041
0002923
0007723
0002251
0005763
0005521
0006615
0007226
0004580
0005969
0002628
0007624
0006551
0004054
0004109
0000778
0001639
0005271
0005872
0008349
0000334
0001137
0002136
0002257
0007169
0003964
0004010
0004629
0001525
0006239
0007631
0002111
0005446
0005392
0000065
0000171
0003060
0006195
0007336
0002323
0006437
0003318
0001249
0004649
0007075
0002512
0006657
0004477
0008473
0005879
0004330
0006677
0006880
0000772
0007998
0004530
0005902
0004149
0006947
0001064
0008241
0008003
0008024
0007259
0004777
0004422
0005781
0008491
0007028
0006884
0000943
0000657
0003545
0003991
0000820
0001652
0007935
0000535
0000629
0000832
0001105
0007174
0006047
0001140
0008267
0006206
0006579
0006071
0006994
0000271
0000009
0000475
0002529
0002413
0007162
0003021
0005263
0000349
0008235
0008511
0007362
0003093
0005105
0004490
0002534
0003725
0007848
0005319
0006975
0000555
0003779
0007512
0002188
0005610
0003204
0002472
0006546
0006548
0007973
0006094
0006944
0001293
0008457
0006906
0000310
0008596
0006385
0005706
0007026
0002371
0005031
0005809
0003582
0005939
0008100
0001466
0001874
0000262
0005932
0000815
0000566
0004072
0008529
0005445
0007985
0000196
0003086
0005832
0008448
0005609
0000539
0005596
0007897
0003597
0003477
0000305
0007237
0006755
0006713
0002490
0003028
0007138
0003847
0002473
0007191
0005114
0003269
0008607
0005470
0002363
0008136
0006782
0004536
0003281
0003970
0007047
0005425
0008421
0003379
0006223
0002835
0007904
0000318
0006827
0006171
0004209
0007357
0003431
0002417
0006128
0000023
0002807
0006176
0004460
0006873
0003506
0000644
0001702
0007563
0006471
0006581
0008190
0005363
0001077
0006400
0000558
0008098
0004645
0001617
0000097
0008577
0005053
0003825
0007585
0004026
0006116
0001088
0008065
0006091
0007699
0007466
0001492
0007464
0003762
0000834
0005788
0002025
0002345
0006642
0003049
0007526
0002650
0003786
0001820
0001527
0001341
0002234
0007187
0006177
0003830
0006396
0005914
0005273
0006603
0002320
0008202
0003448
0000068
0007066
0008608
0004941
0006946
0004134
0003793
0007509
0007321
0007901
0007846
0007833
0006948
0006839
0005201
0005883
0000133
0003100
0004593
0006348
0004677
0003603
0005772
0005246
0007022
0006597
0001356
0008182
0006576
0000911
0002013
0000499
0002364
0004839
0008436
0000757
0007927
0008626
0005294
0004462
0002559
0006167
0002700
0000877
0008423
0005659
0005542
0007578
0003684
0001402
0004471
0002142
0003778
0004681
0007611
0001988
0001625
0003705
0005344
0002779
0000763
0006266
0001183
0008441
0007222
0004570
0005084
0007795
0007685
0007620
0001396
0008053
0000469
0003455
0000791
0006428
0001945
0005459
0004937
0004299
0004911
0000786
0001073
0003709
0004568
0005635
0006212
0004784
0002987
0006538
0003574
0006887
0007825
0001423
0005034
0003869
0002928
0002047
0001015
0001044
0006188
0002706
0001577
0002642
0002540
0005606
0006596
0000895
0006345
0006139
0001701
0000127
0006734
0002196
0004074
0008270
0003310
0007755
0008466
0007977
0003971
0006522
0002106
0003153
0006397
0008406
0000061
0006150
0001594
0004239
0004660
0003835
0005058
0007469
0002337
0000425
0007751
0003164
0000215
0003685
0001187
0006476
0007718
0002509
0006559
0001940
0008472
0003646
0000777
0002443
0008415
0008164
0005766
0007461
0005471
0008143
0004486
0006132
0004736
0003447
0005934
0000087
0007561
0003710
0001744
0004283
0005981
0005072
0004854
0000730
0001739
0001981
0002428
0000181
0003198
0006698
0007230
0002726
0002842
0000480
0003698
0001158
0005546
0006614
0003439
0006050
0002113
0004728
0003832
0005782
0005265
0008628
0000865
0000556
0001452
0004849
0001264
0008427
0004923
0001175
0001855
0000107
0001992
0008117
0001309
0006160
0004760
0000999
0001946
0001330
0007990
0004607
0002104
0006950
0007391
0003814
0000706
0004827
0007041
0000350
0004263
0006691
0004049
0000827
0000807
0003003
0006535
0004693
0003851
0008372
0007584
0001470
0003471
0007909
0003616
0005705
0007106
0000956
0005498
0002169
0003517
0004690
0001217
0007478
0007109
0002866
0004008
0004934
0001540
0005669
0007921
0005300
0007579
0006625
0007809
0007881
0007864
0003103
0007154
0004271
0005355
0006290
0001569
0006417
0008343
0002623
0002633
0004160
0000948
0001192
0003032
0006479
0005338
0006362
0006877
0000146
0007454
0003353
0001114
0008314
0000723
0005018
0003035
0007275
0001019
0006512
0000726
0002436
0002695
0003212
0002375
0002261
0007415
0008474
0003865
0006192
0008028
0005221
0008184
0001737
0004243
0001763
0005172
0008623
0005940
0001686
0007484
0006822
0007637
0008589
0006790
0002147
0003235
0004921
0006693
0005087
0007861
0004725
0004507
0001599
0008342
0008062
0004204
0008435
0001568
0000744
0004028
0001789
0001627
0004306
0001741
0007515
0000570
0006983
0003096
0008356
0005184
0005354
0001908
0001650
0000264
0001375
0003822
0006012
0000996
0007159
0004385
0000799
0000718
0005261
0001666
0003839
0006252
0003406
0004714
0007218
0003634
0005052
0008308
0000284
0001244
0008161
0007554
0008601
0004502
0006710
0003195
0005386
0007190
0004193
0006550
0002679
0007056
0002171
0000560
0001455
0001598
0007544
0002143
0003461
0006891
0005776
0008377
0007618
0000779
0004833
0000932
0003076
0001435
0000536
0003215
0007575
0002340
0001784
0007862
0004822
0004412
0002888
0002229
0007680
0007669
0007059
0005689
0005894
0001895
0003625
0002593
0006912
0007419
0007432
0002611
0004123
0000336
0004411
0003972
0005511
0008225
0003425
0000027
0004730
0007827
0001174
0006051
0001806
0004908
0002287
0005062
0007587
0002218
0001033
0005330
0004405
0002879
0000140
0008275
0001629
0001490
0003333
0001116
0007297
0001674
0002222
0005971
0007786
0002486
0006808
0005957
0008560
0001065
0001121
0006752
0004836
0001504
0001300
0002420
0002275
0001620
0004351
0005006
0008468
0001051
0005359
0004817
0000749
0006031
0000782
0006250
0000165
0001924
0007456
0006796
0008093
0002710
0004203
0004772
0000143
0004146
0000747
0005145
0008355
0007274
0001805
0003071
0003946
0007865
0004488
0008403
0006363
0008530
0007287
0002180
0001308
0002741
0000481
0000942
0000446
0005380
0002573
0008023
0003984
0005646
0006552
0002054
0008640
0007694
0004564
0007867
0006113
0001613
0006143
0008525
0005644
0008444
0005517
0002899
0001655
0004192
0002239
0003192
0002406
0007856
0007462
0006054
0000727
0007915
0008359
0008148
0004917
0001487
0008088
0003930
0003660
0005897
0004886
0004395
0001417
0004508
0002102
0008512
0006328
0002638
0001199
0007719
0005111
0006780
0004909
0006754
0006453
0003047
0004809
0004394
0001980
0002088
0001731
0001971
0002418
0005771
0003019
0001943
0003206
0006179
0005427
0001180
0007291
0004652
0003522
0007044
0004738
0002582
0008513
0006895
0007710
0007317
0005104
0003721
0006588
0001745
0003962
0004753
0007389
0003156
0001350
0004308
0007489
0006280
0001316
0002820
0005830
0005361
0005360
0006514
0005307
0000010
0005564
0003957
0005584
0005921
0007161
0001473
0008095
0000325
0006344
0004668
0000329
0000914
0004159
0006626
0005992
0004470
0001997
0005070
0007356
0003014
0008099
0003893
0000630
0004705
0002046
0000056
0006921
0007120
0002998
0006900
0000307
0004113
0001902
0005750
0007660
0003823
0005098
0002614
0004845
0003294
0003907
0002885
0008296
0007164
0005649
0004295
0007866
0000949
0004630
0005280
0006013
0000282
0001277
0001172
0007986
0007316
0002567
0004189
0003273
0005508
0001177
0001796
0000606
0004248
0003488
0004516
0003932
0004441
0003303
0005829
0003594
0006004
0000662
0000691
0007439
0004388
0003854
0003974
0005702
0003695
0006494
0006222
0003055
0000705
0000512
0004737
0002705
0006068
0005903
0007524
0002721
0000938
0001102
0004155
0007202
0001265
0007528
0005238
0000084
0000574
0004288
0000422
0005213
0008077
0003302
0001733
0007050
0002194
0002357
0003846
0004723
0000731
0001379
0004821
0006549
0005277
0001041
0004592
0008481
0004443
0003651
0000448
0004475
0007262
0003331
0002434
0004589
0007447
0003271
0004907
0006140
0000226
0005751
0008301
0006949
0001844
0004744
0005274
0008183
0000696
0007664
0007692
0002566
0000221
0003943
0003154
0003343
0005838
0001134
0007256
0004979
0008246
0006279
0000612
0004391
0004170
0002913
0007030
0000906
0002262
0007777
0003487
0000819
0002410
0006422
0001523
0000912
0004788
0008068
0005381
0001035
0003433
0007302
0006489
0005496
0003451
0003668
0004980
0003314
0004578
0005674
0006879
0000882
0001307
0006908
0006486
0005291
0002208
0007197
0004988
0003942
0008563
0002247
0008357
0006918
0008571
0002778
0000503
0001548
0005071
0005130
0005185
0002717
0005641
0008321
0008114
0004116
0006572
0005310
0005305
0005295
0005870
0004951
0006692
0000443
0000022
0007771
0005140
0008367
0003339
0004142
0004844
0005900
0005800
0005391
0004065
0001464
0001511
0002615
0001612
0003145
0001708
0002890
0008392
0008204
0004865
0000116
0001410
0000202
0000944
0006343
0007487
0000719
0002905
0007186
0005813
0003219
0007268
0002542
0005684
0004977
0007234
0007539
0005379
0005525
0006382
0002192
0004992
0002952
0005417
0001422
0006743
0001515
0006703
0008159
0002100
0006233
0004892
0007552
0000149
0006431
0005663
0003758
0002105
0001591
0006857
0004314
0005329
0003737
0002471
0003550
0002121
0002799
0003898
0005304
0004147
0004355
0006933
0004893
0001149
0005729
0001371
0004213
0002172
0001772
0006297
0001546
0007743
0007331
0007494
0002440
0006941
0003287
0004741
0007964
0003118
0007965
0005225
0002859
0006951
0002424
0003894
0001141
0003607
0002469
0003879
0002780
0003251
0007658
0001635
0008239
0000184
0007079
0006658
0005638
0005256
0004110
0002435
0007479
0002932
0008381
0002877
0001210
0004901
0006742
0002368
0004175
0007532
0004913
0007954
0005419
0003691
0002039
0008456
0007549
0000549
0007110
0006462
0000371
0001719
0006769
0004800
0001292
0000627
0007125
0003246
0005421
0002828
0003378
0006679
0008350
0003689
0003242
0007892
0000086
0000669
0000095
0006649
0000704
0007018
0000844
0004040
0004310
0008042
0003152
0001740
0003177
0004141
0003121
0001374
0003375
0006106
0001636
0007962
0000172
0008010
0008238
0006707
0006483
0005580
0006682
0006201
0008417
0001993
0001284
0006970
0003419
0006307
0001484
0007798
0004457
0002051
0004519
0001526
0001190
0002464
0001812
0007885
0007077
0001658
0002927
0004294
0001345
0000478
0006956
0003856
0003534
0006978
0002199
0002307
0004094
0002019
0005998
0008276
0006864
0004304
0006504
0000124
0003585
0001054
0001496
0006791
0002525
0000664
0001953
0008265
0003143
0003910
0007922
0001892
0000420
0007395
0001388
0003067
0003470
0001006
0005802
0006929
0004009
0007204
0002562
0002076
0001846
0004771
0002300
0003429
0003183
0000459
0004891
0002126
0001147
0004232
0006228
0008533
0005803
0000396
0002354
0005353
0008454
0002596
0002565
0008263
0000624
0006248
0005230
0000067
0000187
0000256
0002348
0006861
0007194
0003579
0005147
0006178
0002429
0001426
0002655
0006749
0006018
0000658
0007769
0003351
0004357
0004118
0007531
0006007
0007936
0002837
0004543
0004200
0006966
0002255
0007535
0001363
0000939
0002395
0000115
0005011
0007999
0000287
0006730
0005786
0002526
0006134
0008621
0000682
0006254
0005443
0004596
0002267
0001052
0002570
0006021
0001770
0001644
0004483
0002855
0005904
0002205
0001294
0002854
0003596
0005721
0008188
0008619
0003268
0008404
0005434
0005682
0006260
0001777
0005794
0007656
0000793
0002845
0001830
0006265
0000283
0003975
0001050
0004802
0000615
0004265
0000853
0008153
0002060
0000554
0003421
0004597
0005025
0000813
0006329
0001127
0002716
0002112
0005970
0000179
0004058
0006645
0000114
0004523
0004222
0008497
0000488
0004439
0004437
0001552
0005219
0005047
0003061
0007408
0002816
0006505
0008464
0002164
0002228
0005155
0000260
0002030
0003520
0008219
0000974
0000254
0008360
0001094
0005442
0004973
0003557
0000955
0000198
0005973
0003158
0002616
0003561
0008364
0007123
0007148
0003973
0004616
0004785
0005135
0002584
0001268
0000360
0000728
0002161
0004835
0007092
0006202
0006454
0008414
0003135
0001798
0008630
0003663
0004862
0000902
0002116
0003815
0001256
0006243
0004199
0004816
0008061
0005028
0001958
0000190
0000685
0002556
0002949
0005054
0003435
0001670
0000125
0007814
0005984
0008074
0000641
0000541
0004400
0004455
0003114
0007434
0004011
0005267
0004348
0001117
0008459
0000033
0005188
0001724
0004430
0006145
0004666
0006924
0003377
0006163
0001698
0003327
0006821
0000381
0007678
0003013
0001720
0006996
0005797
0003800
0006443
0001276
0000928
0001800
0001200
0000551
0006149
0002601
0005433
0003595
0006664
0006474
0005877
0008177
0004565
0003052
0008221
0001574
0005615
0008051
0002770
0005595
0002346
0006529
0005289
0006837
0004224
0000893
0006164
0007428
0006180
0004996
0005523
0003630
0008029
0006467
0000510
0006961
0000004
0001608
0005989
0004553
0002602
0004947
0003995
0001990
0000269
0007982
0004899
0001747
0004675
0008022
0004042
0005060
0005642
0005189
0001246
0007764
0007023
0004870
0005837
0008382
0004253
0001500
0007014
0005930
0006146
0008611
0005587
0002776
0006726
0007799
0001372
0001573
0004064
0007695
0007157
0005552
0006542
0003838
0001313
0005093
0002739
0000300
0002808
0001270
0000483
0001005
0005514
0007085
0004241
0002456
0001536
0000717
0005607
0004279
0007013
0004910
0008168
0005351
0002948
0002322
0003611
0006575
0007869
0003891
0008598
0002074
0001974
0003518
0001834
0007963
0003316
0004525
0000049
0006620
0003661
0006766
0003361
0003936
0002875
0002035
0003717
0007492
0002749
0004140
0007553
0008110
0003090
0002084
0003409
0001055
0002783
0004487
0003726
0001463
0003848
0003667
0006379
0008233
0006255
0005678
0000864
0007852
0008199
0004099
0007115
0008520
0006942
0002617
0006360
0007398
0007221
0003104
0001113
0007147
0005085
0008557
0005671
0000197
0002235
0000847
0008556
0000845
0002062
0000754
0004235
0004881
0001100
0005249
0003718
0005547
0002763
0006370
0005765
0002843
0004774
0000233
0002206
0008362
0007782
0003123
0001721
0003570
0008245
0003888
0003128
0003403
0001859
0008546
0001451
0004398
0000547
0008129
0005090
0004261
0000012
0001619
0003818
0006070
0000668
0001633
0004963
0007546
0000954
0001062
0007002
0004379
0007345
0000066
0007171
0007453
0000231
0002983
0005723
0001481
0000926
0001462
0002677
0005942
0001640
0002158
0008156
0003330
0008209
0004713
0000398
0003533
0001862
0003229
0002598
0003864
0000752
0000013
0005602
0008639
0006993
0001905
0003986
0006860
0004114
0003270
0005534
0001807
0005063
0004635
0003782
0007731
0003807
0003184
0008316
0005579
0000900
0006349
0004090
0002769
0008070
0006089
0001995
0002818
0006788
0003653
0000988
0002386
0003929
0007854
0002319
0005852
0006277
0007460
0003283
0008155
0002272
0003538
0002938
0007141
0003063
0005810
0005375
0007879
0008562
0004098
0002908
0008365
0000978
0001059
0005016
0003148
0002317
0008361
0005406
0006684
0006358
0007822
0001632
0007767
0001897
0001191
0006211
0003122
0003010
0006053
0001853
0003459
0004699
0002496
0006849
0000750
0002792
0008242
0008250
0004060
0000073
0001840
0007074
0002551
0004077
0001856
0001979
0000042
0005617
0000798
0002810
0006389
0002844
0004583
0003874
0000876
0005655
0005850
0006446
0004929
0006187
0005732
0004573
0003312
0008453
0000057
0001626
0004577
0007726
0001120
0007689
0000464
0005393
0001135
0000771
0002944
0001155
0007550
0000908
0008187
0003950
0006943
0000755
0004555
0003358
0006697
0003221
0003916
0000561
0000563
0003743
0001176
0004987
0002477
0001306
0002984
0004431
0008366
0001482
0002173
0006628
0003228
0008289
0004512
0004016
0004157
0002201
0000833
0005079
0003931
0000320
0008178
0004151
0007709
0002740
0003319
0004818
0005276
0000711
0003072
0000439
0004628
0008545
0007327
0003180
0006602
0004812
0000173
0006830
0003317
0007301
0005801
0007601
0008059
0005412
0004982
0006561
0007626
0001366
0005269
0000211
0001376
0004161
0006394
0007070
0004518
0007099
0006640
0001873
0006354
0003985
0008162
0006936
0005707
0004786
0008078
0003707
0005537
0000885
0008614
0003937
0005918
0002966
0000945
0000085
0000295
0008413
0000699
0003079
0001381
0005032
0005995
0005640
0002184
0000910
0004206
0004940
0005278
0004880
0001678
0005718
0005303
0006383
0007691
0000875
0004236
0008469
0008580
0004878
0004779
0000040
0006721
0001261
0005598
0000800
0003328
0003359
0002508
0006976
0003860
0007328
0002838
0003101
0001921
0002500
0007431
0006093
0006060
0003081
0001184
0005694
0004367
0002718
0007816
0005144
0002805
0001296
0002144
0008215
0007329
0000970
0005604
0002745
0006498
0007507
0002359
0006028
0005106
0006598
0004039
0007467
0004303
0000243
0001869
0007057
0001699
0007198
0008272
0007324
0004537
0005949
0004463
0003485
0006371
0008440
0005577
0005792
0005822
0006969
0000623
0003797
0008249
0004724
0007683
0000255
0001357
0002924
0005022
0000903
0007455
0001099
0002841
0001705
0005962
0003073
0002204
0003363
0005588
0000285
0003532
0004517
0008025
0000339
0005197
0003113
0002425
0002659
0006740
0005926
0006923
0007160
0001603
0007693
0006172
0004249
0005163
0007823
0006276
0006826
0005149
0001168
0008439
0003016
0000921
0004125
0006240
0002324
0004834
0006772
0003367
0003885
0002789
0001389
0008462
0007934
0006844
0003773
0005842
0008133
0003546
0003220
0005988
0003449
0006289
0000219
0003214
0005844
0001181
0000399
0004378
0000873
0005129
0003201
0006537
0002634
0005005
0000330
0002263
0001941
0003887
0006386
0005010
0004948
0007908
0004442
0007841
0004313
0002259
0002067
0000565
0004762
0008419
0003941
0005286
0001966
0003234
0001843
0003127
0006995
0002012
0003572
0003535
0008363
0002872
0005395
0004637
0003340
0007474
0000598
0003279
0004369
0001774
0004179
0002982
0001129
0007955
0005826
0002727
0008120
0004653
0003573
0003430
0008487
0007303
0003111
0006445
0005518
0001254
0006376
0001209
0005009
0004694
0000916
0008248
0000386
0008185
0007779
0004178
0002648
0000206
0008284
0001219
0001408
0006566
0008467
0008203
0007793
0000046
0004781
0001328
0000110
0006314
0007189
0003166
0001130
0004631
0002976
0003792
0003446
0001340
0001851
0007562
0001951
0007176
0002691
0002306
0005207
0001968
0001854
0006865
0007011
0005557
0007277
0003956
0000195
0002689
0005117
0007208
0005569
0008593
0001302
0008150
0001430
0001315
0008036
0005701
0004491
0001285
0002766
0008038
0000005
0000301
0002351
0007209
0005124
0004231
0001263
0000270
0007920
0000806
0007437
0002732
0007632
0006771
0000784
0004225
0007756
0000227
0002148
0006420
0006812
0003292
0007522
0000423
0000659
0006901
0007236
0005692
0006111
0004538
0006477
0007196
0002644
0007131
0005352
0005657
0007442
0007238
0001450
0000174
0002873
0000214
0007836
0000788
0002929
0000525
0003175
0008179
0002163
0006573
0006836
0008124
0001480
0007597
0008170
0006584
0004609
0002537
0005507
0002095
0006196
0005080
0004949
0002907
0003610
0000442
0003344
0000634
0006841
0002931
0001377
0005827
0006508
0006287
0004918
0000427
0003190
0006527
0002549
0005724
0000508
0005287
0003390
0000361
0001583
0006886
0002767
0000157
0001024
0006010
0001495
0000186
0002595
0001115
0000973
0008282
0002965
0004197
0003097
0006828
0002750
0003699
0004671
0002886
0004976
0003503
0000851
0000655
0007463
0006659
0000020
0002812
0004240
0007359
0008375
0007139
0000468
0004554
0006320
0003903
0001104
0005367
0002733
0005812
0001305
0004278
0003757
0006654
0001955
0005004
0003740
0006480
0405251
0406204
0407430
0401255
0406117
0406006
0406056
0404504
0403509
0406569
0403483
0400220
0405464
0407072
0407151
0403182
0407673
0403384
0403748
0401964
0406049
0403741
0404503
0407913
0406797
0404038
0401071
0404366
0401221
0401237
0406675
0406271
0407687
0406753
0403092
0404497
0403445
0405314
0406131
0404359
0400579
0402915
0406455
0401726
0407944
0406261
0401039
0406274
0406232
0406681
0406501
0400703
0407199
0405281
0406866
0400080
0403736
0407149
0407008
0404143
0400597
0400607
0401963
0406099
0406253
0401290
0407452
0401275
0404501
0403105
0406103
0401233
0407911
0405064
0408442
0407436
0403652
0403505
0401211
0406804
0404974
0404479
0405924
0406980
0405691
0405492
0403804
0401592
0401245
0401228
0403547
0401643
0405728
0401198
0404139
0406979
0403098
0406856
0404436
0406643
0402896
0406543
0406989
0405455
0403058
0401297
0405020
0407374
0403381
0407049
0406488
0401136
0400185
0400585
0408008
0406962
0404420
0406893
0405967
0406926
0404165
0400041
0407878
0405738
0407821
0401937
0401118
0404050
0407829
0404421
0401021
0403305
0404298
0406899
0403094
0406199
0401091
0406391
0404410
0404876
0403763
0401929
0404413
0401273
0407569
0405915
0408575
0403380
0401962
0403759
0402902
0406346
0405468
0404075
0400616
0407590
0405454
0401227
0404173
0405841
0405920
0401928
0404884
0406986
0408280
0403803
0406154
0407402
0408266
0404268
0406112
0403553
0408449
0405968
0404952
0404082
0405713
0403393
0407818
0403224
0404158
0404048
0403225
0406761
0404894
0406469
0406807
0403750
0406200
0405922
0401216
0404481
0403299
0404526
0403771
0405696
0406464
0401079
0405240
0406898
0408536
0407426
0407577
0401954
0407571
0404826
0403776
0404970
0401250
0407200
0403069
0401935
0403662
0407855
0405839
0406513
0405247
0408547
0404081
0404323
0406341
0406544
0406666
0404358
0403592
0400964
0403787
0406737
0406663
0405049
0404810
0404085
0408603
0407029
0406964
0404433
0404776
0403473
0403780
0403300
0404317
0400232
0403064
0404415
0405357
0407172
0405364
0401076
0402891
0405893
0407168
0403749
0404269
0403764
0408409
0406916
0401561
0401604
0405490
0401589
0401957
0400118
0401036
0401960
0407572
0403548
0408527
0405461
0404297
0401182
0401243
0404782
0406991
0404046
0407058
0400590
0400582
0403552
0405482
0407046
0408595
0406847
0405486
0400961
0408014
0406756
0403600
0406690
0403745
0406080
0401194
0401588
0406717
0403756
0406507
0400639
0401930
0404888
0403186
0403657
0408013
0400000
0402909
0401563
0406673
0403056
0408007
0406674
0405570
0401016
0407899
0400183
0404775
0406075
0406230
0408274
0404331
0406570
0404150
0405714
0408315
0406762
0403493
0401215
0406076
0404423
0404055
0406539
0406090
0407937
0405929
0405250
0404418
0406960
0407877
0406863
0406058
0402889
0406751
0403665
0405282
0400194
0405279
0403746
0400700
0406516
0403576
0405551
0403591
0408578
0403810
0401280
0406700
0404086
0400609
0403173
0403482
0406399
0401139
0407033
0403515
0404968
0405428
0404524
0400593
0405045
0403089
0404363
0400640
0405743
0403187
0407564
0400959
0408602
0403808
0406702
0403388
0403484
0404275
0401222
0405730
0408450
0406795
0405700
0406759
0403542
0406219
0401017
0407448
0403770
0406119
0403389
0401022
0404484
0407101
0404875
0401596
0404476
0402916
0405891
0400217
0408198
0404957
0407425
0406536
0405027
0401037
0405590
0404416
0407939
0406100
0406977
0407943
0401931
0406843
0405483
0402912
0404495
0407555
0403587
0408011
0400625
0405963
0407090
0401247
0408532
0403383
0405736
0401189
0407371
0407817
0401267
0403074
0400224
0406799
0400043
0404966
0400229
0408432
0401014
0404964
0400647
0403480
0404942
0403812
0406403
0406506
0405733
0400210
0406802
0405556
0408410
0405026
0400621
0401214
0401232
0405260
0406141
0406447
0405430
0406848
0406388
0404041
0406987
0406984
0408542
0406967
0406135
0408422
0408207
0406963
0406257
0408594
0405594
0405264
0404272
0401089
0405241
0404539
0406545
0400962
0407813
0405039
0406067
0408443
0404429
0403791
0407035
0406074
0407192
0406750
0406126
0407583
0403753
0407076
0406531
0408030
0400594
0404174
0406604
0406855
0406404
0405864
0401586
0404167
0405324
0403571
0401170
0407853
0404376
0400601
0403479
0407054
0403106
0406711
0406263
0406974
0401204
0405585
0407820
0406272
0406057
0406571
0408430
0406130
0405563
0406465
0407898
0405485
0407435
0400120
0403247
0406813
0401032
0406258
0404885
0406540
0406689
0406883
0406509
0406097
0400580
0406696
0406705
0406236
0405928
0400702
0408574
0405042
0404492
0406928
0406757
0406234
0407890
0408021
0405865
0400697
0406340
0404424
0407826
0406213
0406249
0403551
0405698
0405734
0407427
0401969
0405051
0408200
0403371
0405358
0405244
0407940
0403496
0406392
0406441
0406268
0408604
0406862
0401201
0406473
0404092
0400648
0403656
0404533
0407314
0401554
0405888
0408433
0407102
0406842
0401581
0407091
0406714
0403444
0403796
0406052
0404959
0403544
0404438
0405438
0407254
0407684
0404505
0407429
0401178
0408553
0406503
0403738
0408206
0403755
0403062
0401218
0407063
0400622
0405453
0408528
0404889
0401933
0400953
0402901
0406197
0401947
0406758
0407100
0406216
0404163
0407984
0406644
0407576
0403514
0401252
0405889
0404286
0400192
0403766
0404056
0405586
0407400
0403227
0403174
0406610
0404825
0405444
0403373
0404971
0403549
0404806
0400614
0406082
0404316
0401239
0400212
0408412
0404148
0403519
0405923
0405316
0403298
0408592
0406521
0406853
0404895
0405036
0406676
0401282
0404325
0404540
0406205
0406971
0408009
0405465
0404820
0406472
0404805
0400957
0403490
0407988
0401291
0405321
0405365
0408451
0407373
0405558
0403481
0403774
0404545
0407073
0405582
0401070
0400039
0407241
0400620
0403394
0408579
0400649
0400077
0404409
0401942
0406530
0401095
0405268
0406136
0400191
0408540
0400189
0403491
0401138
0407980
0401171
0407250
0408582
0401932
0406803
0404145
0407251
0406806
0401936
0403781
0408097
0405033
0406724
0401220
0407893
0407252
0404280
0404514
0405440
0404079
0406235
0401011
0405021
0405857
0403794
0405840
0406395
0404778
0404414
0407031
0407248
0400225
0401086
0407093
0405887
0406567
0405716
0404377
0404532
0406930
0400600
0404513
0405473
0408211
0406858
0404361
0404097
0400628
0403399
0405436
0406547
0407368
0404819
0406568
0405568
0404084
0406574
0404051
0404944
0407003
0401283
0406461
0407068
0400602
0403397
0406123
0404780
0407067
0401093
0401555
0405259
0407370
0400035
0401092
0407812
0407914
0403068
0407004
0403478
0401225
0401558
0401196
0408137
0401224
0406810
0404070
0404498
0408543
0407001
0406237
0407566
0404962
0406519
0407987
0404320
0407372
0400636
0405886
0404089
0403666
0401564
0406925
0406055
0408165
0406229
0405457
0406955
0407433
0407032
0405275
0407145
0407887
0405561
0406927
0406728
0406481
0400960
0406647
0404882
0406137
0404869
0404087
0408531
0401072
0401949
0403524
0400963
0406919
0404328
0404044
0400611
0407071
0408600
0401241
0404890
0407255
0404872
0404426
0407451
0405916
0407942
0404374
0406739
0405575
0400965
0401119
0406716
0403813
0404965
0408017
0400591
0405961
0402893
0406390
0405960
0405597
0407095
0406872
0401582
0408452
0400037
0406478
0406487
0407876
0404871
0403387
0401727
0403744
0406646
0407155
0406282
0407153
0406342
0405426
0404088
0408550
0403765
0403806
0405717
0407806
0407315
0404972
0407055
0401258
0401266
0406595
0401197
0405890
0405023
0403082
0403453
0401188
0400583
0403452
0404943
0405719
0404172
0407366
0401584
0404045
0406600
0406072
0406811
0403751
0403767
0401111
0408102
0400117
0405565
0405592
0407805
0401597
0404541
0403590
0406278
0401269
0405593
0405854
0404322
0403575
0401185
0401590
0403658
0407979
0404770
0405720
0406613
0406231
0400608
0407150
0404520
0406809
0403237
0406208
0404375
0404485
0403095
0404373
0408548
0404153
0406532
0404873
0408552
0404480
0407167
0404547
0407941
0400618
0400079
0406896
0404080
0401601
0405484
0401122
0405863
0405725
0407570
0403178
0403760
0403486
0403577
0400123
0405589
0402897
0400193
0405479
0405553
0405038
0403599
0407318
0408583
0406870
0406741
0403494
0405481
0401551
0404510
0405059
0404329
0408019
0405937
0406460
0405423
0405322
0401240
0401950
0401028
0406957
0406079
0407007
0403805
0407166
0402906
0406998
0403065
0407581
0407005
0401074
0403492
0408534
0406459
0406954
0403232
0404489
0404277
0403107
0401952
0405938
0405917
0404814
0408012
0405043
0401234
0401123
0406020
0403066
0405050
0404035
0407193
0406992
0407556
0404896
0406129
0406727
0401274
0405494
0405715
0403768
0403382
0407565
0405871
0407586
0401080
0401013
0407889
0405242
0404093
0400205
0403742
0401226
0406648
0403529
0407165
0406387
0406854
0407810
0404434
0403176
0407888
0403601
0403239
0401278
0400222
0404808
0400646
0407000
0401126
0403554
0405491
0404326
0405253
0406256
0408232
0403087
0406990
0405477
0404354
0405933
0401287
0406502
0407244
0401262
0406611
0406661
0404144
0404535
0405463
0404975
0405567
0404362
0408160
0405456
0405858
0407312
0406688
0403789
0402910
0405862
0406914
0405741
0406142
0401288
0404474
0400613
0406124
0404166
0408167
0403569
0400595
0405435
0406098
0407367
0407006
0404815
0404544
0405315
0400200
0406533
0405449
0405740
0401195
0404811
0405323
0405447
0407568
0406999
0401642
0408208
0404534
0407156
0405697
0406805
0406238
0401956
0406214
0406894
0401012
0401206
0401207
0403108
0407311
0404096
0403769
0403798
0403593
0405727
0401600
0405466
0404321
0407834
0404152
0404427
0401084
0404824
0406485
0407671
0406511
0404874
0401090
0403077
0403171
0403528
0405318
0407401
0404047
0406500
0400182
0406133
0403230
0406014
0406475
0405056
0406470
0404324
0401242
0405746
0406959
0407245
0400188
0407146
0405469
0408031
0407910
0401585
0407895
0406708
0405856
0403512
0404162
0403099
0401567
0406706
0403761
0400589
0401248
0404282
0408576
0405966
0405024
0403392
0405693
0404499
0408368
0408020
0404548
0406442
0400122
0406059
0405029
0406152
0405418
0404078
0406092
0406665
0408158
0400034
0405061
0405884
0405941
0400610
0401230
0404900
0403385
0405055
0404266
0406017
0406005
0407170
0407240
0403238
0403308
0407672
0405859
0404360
0403091
0404281
0405744
0407140
0405248
0403179
0403580
0408210
0406457
0406683
0404529
0406997
0401023
0403795
0407098
0403374
0404425
0407573
0407036
0403543
0407978
0401236
0400632
0405591
0404803
0401202
0407858
0405892
0403588
0405559
0403735
0408032
0406869
0406114
0403070
0405467
0401034
0405562
0405048
0404171
0403249
0406528
0401959
0404270
0405266
0406897
0405254
0408317
0404318
0406968
0406273
0403783
0406760
0405262
0408205
0407424
0406729
0405554
0401223
0400635
0408555
0401231
0406678
0406612
0405040
0400119
0401595
0403241
0404549
0404506
0408139
0400578
0403507
0405843
0406125
0404898
0406220
0405931
0407811
0405270
0405742
0401205
0407096
0400952
0405252
0406088
0405583
0404435
0405560
0406915
0401559
0406917
0403510
0405497
0404285
0405695
0407376
0404493
0405420
0401257
0407249
0401587
0401133
0401186
0408281
0407588
0406868
0407449
0403078
0403602
0408277
0406019
0406215
0406953
0406958
0408581
0404945
0404528
0406972
0406524
0403604
0401029
0404091
0405853
0407094
0407242
0408163
0405860
0404365
0403301
0408234
0405487
0403799
0404327
0404289
0400650
0405566
0401550
0405057
0402918
0407850
0406138
0405861
0405936
0406101
0404073
0406118
0403777
0404939
0403809
0400587
0405309
0403474
0403516
0408018
0406151
0405571
0405431
0407580
0407830
0401069
0406523
0405747
0405035
0408551
0405578
0407875
0407097
0407142
0406275
0406008
0406680
0405488
0406723
0408201
0403526
0405320
0400204
0406398
0404291
0404370
0404037
0400208
0408554
0403456
0405424
0408278
0404095
0403075
0407403
0403801
0403476
0406982
0406217
0407009
0407034
0405499
0406251
0403513
0403386
0406599
0400958
0407064
0404494
0403313
0401299
0406393
0407859
0406515
0405437
0406965
0406269
0405041
0404054
0401639
0405271
0401137
0407169
0405446
0403060
0403318
0401249
0407075
0406657
0404477
0404330
0406677
0404530
0404149
0404777
0404422
0407028
0406884
0403545
0407935
0400629
0407174
0408267
0406206
0406071
0406994
0405263
0403093
0404490
0405319
0406975
0403779
0406546
0406548
0406094
0401293
0406385
0405031
0403582
0405939
0408100
0405932
0404072
0408529
0405445
0407985
0400196
0403086
0408448
0405596
0407897
0403597
0403477
0406755
0406713
0407138
0405470
0404536
0407047
0405425
0408421
0403379
0406128
0406873
0403506
0400644
0407563
0406471
0405363
0401077
0406400
0408098
0408577
0405053
0407585
0406116
0401088
0406091
0403762
0406642
0403786
0406396
0405914
0405273
0406603
0408202
0403448
0407066
0404941
0403793
0407833
0405883
0403100
0403603
0405246
0406597
0408423
0407578
0403778
0406266
0401183
0408441
0407685
0403455
0401945
0405459
0401073
0406212
0406538
0403574
0406887
0407825
0405034
0401015
0406596
0406345
0406139
0404074
0403310
0406522
0406397
0401594
0405058
0400215
0401187
0406476
0401940
0408164
0405471
0404486
0406132
0403447
0405934
0407561
0404283
0400181
0406698
0406614
0406050
0405265
0401264
0401175
0401946
0403814
0404827
0404049
0406535
0407584
0407909
0400956
0405498
0403517
0401217
0407579
0407809
0403103
0407154
0404271
0404160
0401192
0406479
0401114
0408314
0401019
0406512
0408028
0405940
0403235
0407861
0404507
0401599
0406983
0403096
0401650
0405261
0406252
0405052
0401244
0408161
0407554
0408601
0404502
0406710
0406550
0407056
0401598
0403076
0407575
0407862
0404822
0404412
0407669
0405689
0407432
0404411
0407827
0401174
0406051
0405062
0407587
0401033
0408275
0401116
0406808
0401121
0406752
0405359
0404817
0406250
0406796
0404772
0404146
0403071
0404488
0408530
0406113
0406143
0402899
0407856
0406054
0407915
0403660
0404886
0404508
0401199
0406754
0404809
0401943
0405427
0401180
0407044
0406895
0407317
0406280
0405361
0405360
0406514
0405307
0405564
0405584
0405921
0406344
0404159
0408099
0400630
0406921
0406900
0404295
0405280
0401277
0401172
0407986
0407316
0401177
0403488
0404516
0403303
0403594
0406004
0405702
0406068
0404155
0401265
0400574
0404288
0403302
0404821
0406549
0405277
0404475
0407447
0406140
0400226
0405274
0400221
0405838
0401134
0406279
0400612
0404170
0402913
0407030
0403487
0401035
0406489
0405496
0403451
0403668
0403314
0406486
0407197
0406918
0406572
0405310
0405305
0405870
0404951
0408367
0404142
0402890
0408204
0400116
0400202
0406343
0402905
0405417
0406703
0408159
0406233
0404892
0403758
0401591
0406857
0404314
0403737
0403550
0404147
0404355
0406933
0404893
0405729
0400184
0406658
0401210
0404175
0405419
0406462
0401292
0400627
0403246
0405421
0403378
0406679
0403242
0406649
0400704
0404040
0403177
0404141
0403375
0408010
0406707
0406483
0405580
0406682
0406201
0401284
0406970
0404519
0401190
0404294
0406956
0403534
0406978
0404094
0408276
0406864
0406504
0400124
0401953
0408265
0403067
0406929
0404771
0403183
0404891
0408533
0400624
0406248
0400187
0406861
0407194
0403579
0406749
0406018
0404357
0406007
0407936
0404543
0406966
0400115
0406730
0406134
0406254
0405443
0404483
0401294
0403596
0405721
0405434
0406260
0406265
0404802
0400615
0405025
0401127
0406645
0404523
0404439
0404437
0401552
0405047
0403061
0406505
0401094
0405442
0404973
0400955
0400198
0407148
0401268
0407092
0406202
0406454
0403663
0401256
0404816
0405028
0401958
0400190
0405054
0400125
0407814
0400641
0407434
0405267
0401117
0400033
0404430
0406145
0406924
0403377
0406996
0403800
0406443
0401276
0401200
0405433
0403595
0406664
0406474
0405595
0406529
0407428
0408029
0406467
0406961
0404947
0407982
0404899
0404042
0405060
0401246
0404870
0405837
0405930
0406146
0405587
0406726
0407157
0405552
0406542
0401270
0404279
0408168
0403518
0403316
0404525
0403661
0404140
0403090
0404487
0403667
0408233
0406255
0407852
0408199
0403104
0401113
0407147
0400197
0404881
0405249
0404774
0403570
0408546
0406070
0404963
0400954
0407002
0407171
0407453
0400231
0405723
0401640
0408156
0408209
0403533
0403229
0406993
0406860
0405063
0403782
0403807
0403184
0408316
0405579
0404090
0406089
0403653
0407854
0405852
0406277
0408155
0407141
0403063
0402908
0406684
0407822
0401191
0406211
0406053
0406849
0407074
0404077
0400042
0406389
0406446
0405732
0403312
0408453
0401120
0401135
0406697
0403743
0401176
0404431
0408366
0403228
0404512
0404157
0404151
0403319
0404818
0405276
0403072
0408545
0403180
0406602
0404812
0403317
0405269
0400211
0404161
0406394
0407070
0404518
0407099
0408162
0405918
0408413
0400699
0403079
0405032
0404940
0405278
0404880
0405718
0406383
0408580
0404878
0404779
0400040
0401261
0405598
0406976
0403101
0407431
0406093
0406060
0403081
0401184
0405694
0404367
0407816
0401296
0406598
0404039
0407057
0407198
0408272
0404537
0403485
0408440
0405577
0406969
0400623
0403797
0405022
0405962
0403073
0405588
0403532
0404517
0406740
0405926
0406923
0401603
0407823
0406276
0407934
0406844
0403773
0405842
0403546
0403449
0400219
0405844
0401181
0404378
0406537
0401941
0406386
0404948
0401966
0403234
0406995
0403572
0403535
0400598
0404369
0401129
0403573
0406445
0401254
0401209
0400206
0401219
0408203
0404781
0401130
0403792
0403446
0407562
0401951
0401968
0406865
0405557
0400195
0405569
0408593
0405701
0404491
0401285
0401263
0407437
0400227
0406812
0405692
0404538
0406477
0407196
0400214
0403175
0406573
0408170
0406196
0404949
0402907
0400634
0406508
0406527
0405724
0403390
0401583
0406886
0401024
0400186
0401115
0403097
0406659
0407139
0404278
0403757
0401955
0403740
0406480