0005251
0006204
0007129
0003722
0007430
0008069
0004981
0003147
0005103
0000292
0007441
0000352
0001255
0005235
0004022
0006117
0006006
0004218
0006056
0002482
0004504
0003509
0001837
0001738
0002412
0006569
0003483
0000346
0000220
0005464
0002072
0006037
0005202
0007299
0004644
0001068
0002223
0007682
0007072
0007151
0007306
0003182
0002090
0006911
0007673
0003703
0003384
0003748
0000738
0002390
0001964
0001754
0006049
0007749
0003741
0007108
0004503
0007913
0006797
0004038
0001071
0004366
0000905
0004384
0001221
0004633
0005402
0001237
0004103
0000746
0000369
0006675
0001845
0006271
0000277
0001319
0007687
0007227
0002231
0006753
0000874
0007661
0000934
0000977
0003092
0006622
0002699
0001433
0002006
0004497
0003133
0003445
0005314
0008615
0007640
0000520
0006131
0006765
0004359
0000579
0002915
0006455
0005107
0001726
0000163
0002455
0000050
0002219
0004467
0006414
0003951
0007944
0007607
0002016
0000930
0002091
0006261
0001039
0006274
0001751
0000830
0002926
0003031
0002619
0005203
0002329
0006232
0004006
0008253
0006681
0007742
0000714
0006501
0001344
0001411
0003965
0002620
0000703
0007199
0002391
0004757
0002302
0000941
0003960
0004226
0000108
0004667
0008477
0001382
0002083
0000660
0005281
0006866
0000080
0002791
0003736
0002117
0000341
0007149
0002651
0003207
0001663
0004201
0007946
0000883
0007008
0002401
0003617
0004143
0002140
0002266
0003624
0000597
0003200
0005946
0001732
0003892
0000607
0008634
0001963
0000491
0004002
0006099
0007294
0006253
0001290
0007452
0007677
0001275
0000413
0008437
0007949
0002162
0005298
0005599
0001522
0004501
0004661
0004643
0003105
0002804
0006103
0001233
0005656
0007911
0005064
0008442
0002643
0005293
0002495
0007436
0000774
0003652
0008346
0003505
0001211
0006804
0007741
0004311
0005096
0007231
0004974
0003682
0003998
0006027
0005948
0001154
0004338
0004479
0003046
0005924
0000494
0006980
0008311
0003968
0005691
0005492
0003804
0001614
0001592
0001245
0001228
0002155
0003547
0001643
0002790
0005728
0000737
0001198
0007952
0001368
0005239
0000879
0004139
0002167
0006979
0007497
0003098
0008522
0003423
0005008
0006856
0000783
0004905
0000990
0005297
0004436
0007344
0008642
0006643
0002896
0007781
0007529
0000917
0006902
0006543
0006989
0003686
0008047
0008306
0003693
0002125
0000892
0005455
0000449
0003037
0007754
0003058
0001427
0004341
0002027
0001297
0005020
0006308
0007374
0004608
0002543
0001755
0002057
0002936
0001771
0007258
0003647
0003381
0007049
0006488
0002151
0008558
0000496
0002388
0008490
0003997
0000315
0000803
0006735
0001136
0000185
0002690
0000585
0005136
0008008
0004864
0006962
0004420
0006893
0001415
0000394
0005967
0004863
0006926
0004165
0001509
0003648
0008612
0000041
0002156
0007878
0003418
0005738
0007821
0004720
0001937
0008106
0001118
0005187
0006497
0002226
0004050
0007603
0000487
0003904
0000355
0004830
0000542
0007411
0002586
0007839
0008424
0005516
0004662
0002265
0000257
0008149
0002773
0007829
0004421
0002641
0001021
0002066
0003305
0007907
0000383
0004298
0005394
0004581
0006899
0006817
0005628
0003094
0003159
0001043
0006199
0000142
0005401
0001091
0006391
0008370
0000514
0004410
0004876
0008371
0006556
0001547
0003763
0001929
0005527
0002722
0003255
0001808
0004413
0007488
0001273
0007569
0000529
0006641
0005915
0004611
0007016
0000288
0008575
0008226
0002994
0004105
0003628
0001407
0003380
0007517
0006905
0003410
0006823
0007919
0005953
0004574
0007534
0003999
0007619
0002165
0005159
0000681
0000347
0000922
0007393
0005758
0004664
0001996
0001962
0004754
0007406
0007675
0003759
0002902
0000904
0006594
0004998
0006346
0006423
0006744
0001976
0007223
0003523
0001461
0004305
0003131
0002470
0005468
0001861
0004075
0000308
0004763
0006695
0007884
0005603
0006874
0002858
0000293
0000616
0004220
0007657
0007590
0001706
0008428
0005454
0001437
0001227
0008075
0006773
0007738
0004829
0002063
0005376
0003288
0000984
0004173
0007780
0005841
0005920
0006189
0001928
0001456
0004715
0004245
0006241
0002751
0008484
0008341
0003463
0002654
0004884
0006986
0001712
0005545
0008572
0008280
0003803
0006154
0006449
0002857
0007402
0002392
0002446
0002612
0005664
0007304
0008266
0002089
0000543
0003282
0003702
0004268
0002465
0002995
0008638
0006112
0003883
0003420
0008186
0006448
0003553
0008449
0006816
0005968
0005171
0005132
0007082
0000505
0003626
0008426
0006035
0006578
0004952
0003163
0004082
0006191
0008629
0002950
0002179
0000435
0005713
0005647
0007995
0003334
0003393
0005127
0002305
0005947
0002002
0001680
0004558
0002997
0002674
0001543
0007017
0002876
0008329
0003963
0007818
0003054
0000509
0008503
0003224
0001836
0004158
0002195
0004048
0003225
0006786
0007788
0005636
0006761
0008324
0004894
0006469
0008105
0006878
0006783
0003843
0006807
0002314
0000333
0004401
0006036
0005167
0003750
0006200
0001692
0007690
0005922
0007729
0002671
0000344
0001216
0008584
0000253
0004481
0001483
0005624
0005549
0003299
0004526
0006108
0003771
0006424
0005696
0003866
0002711
0006464
0001404
0006672
0005618
0001521
0002380
0000147
0001460
0008261
0008509
0002399
0001079
0006775
0005240
0001447
0001759
0006898
0008536
0007426
0007577
0003129
0006313
0004407
0007127
0005192
0001624
0008378
0001630
0001954
0000925
0003284
0004866
0006024
0002377
0005808
0000724
0007571
0000148
0004826
0007346
0004749
0003776
0007557
0005169
0004970
0003938
0002159
0005544
0006148
0000679
0007797
0001832
0001250
0004184
0005157
0000141
0007200
0003069
0002462
0001935
0006904
0003662
0006784
0002797
0006406
0003583
0007116
0007855
0005839
0002874
0005122
0005153
0003053
0004656
0006513
0008429
0005247
0003901
0008319
0007608
0008547
0003694
0007525
0002662
0008043
0003697
0002824
0008192
0006338
0004792
0004081
0004323
0007219
0006341
0002444
0006544
0004688
0000016
0006666
0004358
0005505
0007390
0007800
0003592
0005400
0000964
0003787
0000501
0006737
0007605
0006663
0005049
0003613
0002737
0003029
0004810
0004085
0008603
0007593
0007029
0001879
0001841
0006964
0005907
0008216
0004433
0004332
0008089
0004776
0007477
0003473
0004458
0000470
0005377
0001804
0007300
0008408
0005974
0003824
0003780
0000825
0004198
0000323
0001693
0006438
0006937
0005378
0003300
0001353
0001801
0004317
0000232
0003845
0005807
0003064
0004415
0005357
0008425
0008383
0005543
0007172
0000860
0005364
0000500
0005685
0003875
0007838
0006190
0007163
0000604
0004444
0001076
0008151
0002891
0005893
0000811
0005384
0007168
0003217
0001688
0008037
0004930
0003289
0002974
0003749
0008358
0004269
0007652
0003764
0003341
0008409
0007332
0006916
0001561
0001604
0001517
0005490
0001589
0007712
0005773
0002009
0001768
0001957
0003256
0000118
0001057
0001036
0000289
0000796
0006302
0001960
0004856
0005182
0003428
0007572
0002269
0007613
0003548
0003631
0002381
0008527
0005461
0000802
0000710
0003254
0004297
0000338
0001182
0001750
0007600
0000105
0003897
0005619
0001243
0001864
0002056
0001510
0000032
0002078
0008072
0002564
0004782
0000861
0006991
0004046
0007058
0007355
0004025
0002313
0007215
0000590
0001432
0003828
0007774
0000762
0002668
0000582
0003552
0005482
0007046
0008595
0002863
0008073
0008397
0002241
0006847
0005486
0005066
0000961
0007991
0001822
0004787
0006107
0007716
0005373
0003424
0002422
0008014
0006372
0006619
0004021
0008331
0000489
0006756
0000138
0008123
0003600
0004613
0007804
0000457
0001831
0003620
0000528
0002215
0000158
0002667
0006763
0006690
0001056
0003745
0006080
0000366
0004459
0001458
0002237
0001926
0000244
0000899
0004017
0004120
0008345
0003673
0007667
0007960
0002527
0001194
0001588
0008269
0004602
0006717
0003756
0006507
0000639
0005116
0001858
0000130
0007523
0006850
0002421
0001930
0004888
0003186
0003657
0005369
0008013
0000000
0002909
0004031
0002200
0002225
0001563
0006616
0006673
0003056
0008087
0008007
0001749
0006674
0000526
0006889
0005570
0006671
0000317
0001016
0003674
0007899
0006063
0000183
0000886
0004775
0006075
0006230
0008274
0004331
0001453
0002869
0006570
0004150
0005714
0008315
0006762
0003493
0001215
0007794
0007465
0003223
0005846
0005711
0006076
0008566
0005092
0005704
0005299
0005383
0004423
0008401
0004055
0006539
0006090
0007937
0004559
0001922
0005929
0003199
0004176
0001925
0007185
0001683
0004302
0002122
0005614
0005818
0000161
0005250
0000131
0004418
0004211
0003354
0000291
0005339
0001623
0008304
0006350
0001338
0002670
0006960
0005371
0007364
0002675
0002649
0007877
0006863
0006058
0006562
0002134
0002347
0002889
0006751
0003665
0003924
0001797
0006332
0005282
0000194
0002736
0005279
0002520
0008391
0003746
0005296
0000045
0002989
0005673
0005651
0007932
0008405
0000700
0006516
0002782
0007459
0003576
0005551
0003591
0008578
0002539
0000359
0000403
0000854
0003810
0007843
0004798
0001348
0001280
0006700
0007702
0000680
0007334
0004086
0000522
0000609
0004307
0008056
0007081
0002097
0001502
0003173
0003672
0006732
0007288
0005687
0002220
0003482
0006399
0001139
0007872
0007609
0007033
0007088
0000507
0003515
0004686
0008461
0002077
0004968
0007519
0004750
0006310
0005428
0000809
0000389
0001676
0004524
0002288
0005405
0006221
0008140
0000053
0000593
0005045
0003089
0004363
0007112
0003258
0000683
0000640
0000070
0005743
0003187
0005217
0007564
0002546
0005325
0000112
0001730
0003039
0000096
0000959
0008602
0007668
0003925
0002882
0003808
0006702
0001333
0007338
0003987
0003388
0007527
0003484
0006876
0004255
0004275
0005372
0007396
0005190
0005789
0006952
0001222
0005730
0008119
0003899
0004215
0008521
0007772
0003260
0004126
0005757
0001984
0000846
0000102
0003908
0000463
0002986
0008450
0000406
0006795
0004461
0005700
0004177
0000268
0000261
0006033
0002694
0006759
0003542
0006219
0002731
0002193
0002055
0006161
0001017
0007448
0000927
0007213
0003770
0006119
0001863
0001578
0001645
0003389
0002132
0002327
0001022
0002682
0002367
0006656
0000098
0004484
0004717
0005515
0007101
0002867
0007721
0004112
0008218
0007708
0006165
0002293
0000377
0004875
0004740
0005985
0001735
0002661
0008517
0008046
0001596
0008193
0002946
0004476
0002916
0005891
0005120
0008247
0000801
0001778
0000217
0008198
0004957
0008483
0006669
0001665
0001765
0007425
0002135
0008390
0004230
0004556
0001757
0006536
0002026
0005027
0001037
0003467
0003870
0004731
0005590
0004416
0007939
0007598
0006100
0004701
0004453
0002572
0002408
0007019
0007790
0003335
0006977
0005849
0007943
0001931
0003042
0006843
0005483
0003436
0002912
0002484
0005118
0001890
0004495
0007555
0005410
0003587
0008011
0000625
0006293
0000306
0005963
0007118
0007090
0002119
0008108
0002242
0001247
0006787
0008633
0008532
0002760
0003564
0003293
0002258
0000259
0002806
0004933
0000674
0001871
0007737
0008605
0000267
0000569
0003383
0005736
0007042
0001156
0005014
0006305
0008567
0000299
0003967
0001189
0005154
0003443
0007371
0007817
0005910
0001267
0005134
0004991
0004621
0002764
0003074
0008214
0000224
0006799
0007545
0007341
0001828
0003876
0003926
0003690
0004978
0003842
0008470
0006668
0000043
0003126
0004966
0002672
0000248
0000229
0000433
0005548
0004594
0003321
0008432
0007902
0001014
0008237
0003002
0004964
0007905
0000326
0000390
0008458
0004843
0002295
0000647
0003849
0002715
0000852
0000936
0003480
0007394
0002971
0004942
0002120
0003812
0006403
0005815
0003708
0000776
0002107
0006491
0005532
0007614
0001985
0002577
0003465
0005236
0006506
0005390
0005733
0000210
0006802
0001148
0005556
0007630
0008410
0000981
0006316
0005026
0000062
0000621
0002099
0001214
0001232
0006323
0002274
0005260
0006141
0002652
0006447
0002499
0005430
0006848
0003978
0006300
0002460
0006388
0008243
0004669
0002588
0007473
0006283
0004041
0006987
0007228
0006984
0000144
0008542
0001728
0000311
0007873
0001303
0008627
0006967
0007906
0006135
0008422
0004648
0007203
0005174
0004182
0000309
0000940
0008207
0006963
0003855
0005982
0007976
0003345
0002852
0001715
0006257
0006432
0007051
0006044
0008594
0005594
0002488
0005264
0004272
0001756
0004101
0003688
0001089
0001999
0005241
0000164
0005109
0007713
0004403
0002466
0003161
0003325
0001362
0004539
0004766
0006545
0003007
0002131
0007286
0000962
0001488
0007813
0001446
0005039
0007956
0006067
0000713
0003112
0008599
0001491
0001766
0006818
0002774
0002439
0003140
0001416
0000091
0003920
0001657
0003911
0008443
0003115
0001395
0008351
0005408
0004429
0003791
0007711
0007035
0006074
0004595
0002547
0008323
0007192
0006750
0005142
0001788
0003257
0003720
0003360
0002404
0006126
0002725
0006429
0007583
0003753
0007076
0002127
0006531
0007595
0008030
0000594
0007761
0007445
0006939
0006815
0004174
0000447
0006604
0006855
0002187
0008291
0004185
0002286
0002850
0001412
0001710
0006404
0003988
0005668
0005864
0001586
0003132
0004167
0008479
0000787
0005324
0002506
0003571
0005793
0001170
0000385
0000707
0002202
0005226
0005326
0000497
0004408
0007853
0004376
0000504
0005811
0000601
0003479
0007054
0004121
0003106
0003004
0006711
0002868
0006263
0002748
0001847
0007734
0006974
0003961
0005950
0001204
0005585
0007820
0002639
0007916
0007688
0003954
0003141
0006272
0006057
0003681
0006571
0007216
0008430
0006130
0005563
0000235
0006465
0007898
0005485
0002008
0002953
0002980
0007435
0002856
0000120
0001469
0001401
0003247
0006813
0006719
0001032
0006258
0008482
0007502
0006585
0008561
0002352
0002369
0004885
0004389
0004137
0007762
0002756
0004557
0001323
0000915
0004012
0006540
0006689
0006883
0001324
0004333
0006509
0006097
0004696
0004336
0005370
0000580
0006696
0006705
0002181
0000137
0006236
0008476
0005928
0002081
0008499
0007351
0002548
0004590
0000702
0005540
0004868
0002753
0002881
0007330
0005753
0004136
0006745
0008625
0002270
0008574
0003125
0007392
0005042
0004492
0007293
0000986
0000923
0007089
0006928
0006757
0006234
0002073
0007890
0008021
0004670
0005865
0000697
0001405
0006340
0006838
0007360
0004424
0000404
0003005
0007826
0003205
0007107
0002964
0006213
0006249
0004927
0003551
0005634
0003540
0001760
0002291
0002871
0005698
0000492
0005734
0001669
0007427
0001969
0002801
0007972
0003713
0005051
0007648
0008200
0003371
0005358
0000175
0005244
0000438
0007940
0003496
0006392
0006441
0006268
0000237
0003262
0008292
0008604
0008293
0008064
0001498
0006169
0002014
0006862
0000870
0001201
0008109
0006334
0006473
0004092
0000648
0007397
0003656
0002724
0004533
0000426
0002339
0007314
0005141
0001877
0001554
0007783
0005888
0007696
0002328
0004029
0000751
0008433
0001616
0001970
0005333
0004396
0007102
0001003
0001096
0002018
0000842
0006375
0004350
0006842
0001581
0005983
0008130
0001681
0002362
0002610
0007091
0007320
0000785
0000524
0001434
0006714
0003444
0001783
0000894
0003796
0006052
0005138
0002883
0002502
0004959
0000319
0003834
0007996
0008126
0007267
0004928
0003544
0002366
0006779
0006636
0004729
0004438
0002712
0000482
0001899
0004129
0005438
0001508
0007681
0006670
0002005
0007254
0003919
0000461
0003026
0008258
0002544
0002514
0007684
0003193
0002463
0001343
0004505
0007429
0003692
0001178
0000348
0005976
0008553
0006503
0006086
0005078
0003738
0007959
0005901
0007482
0005150
0001539
0008206
0007205
0000548
0000795
0003755
0007732
0007350
0001042
0000092
0001570
0007787
0003062
0004739
0003356
0005912
0000946
0008115
0001218
0007063
0006593
0007891
0000064
0008588
0007158
0003622
0007521
0003649
0007322
0000622
0001872
0002834
0005453
0000976
0008528
0005980
0000839
0006608
0000775
0001886
0004889
0003952
0007292
0008336
0000506
0001933
0003980
0000995
0000953
0002772
0000047
0000767
0002901
0006197
0002538
0001373
0006105
0001947
0002925
0006758
0007100
0001419
0004634
0006216
0006450
0000887
0001365
0004163
0000160
0004793
0007984
0004734
0002815
0004339
0003895
0000019
0006644
0002481
0000573
0003558
0002977
0000014
0007576
0000729
0002256
0002533
0005675
0008353
0001326
0008389
0002023
0006159
0000155
0003407
0007281
0004380
0003514
0005222
0000471
0001252
0006321
0004020
0005955
0001301
0002656
0005889
0004286
0000192
0003989
0006353
0007636
0001994
0001878
0003766
0007628
0002531
0005906
0004056
0005586
0004603
0004450
0007260
0007400
0001906
0003227
0007010
0002166
0007273
0007182
0003174
0006639
0006610
0008455
0004825
0005444
0008335
0000924
0004381
0002400
0003373
0002245
0004971
0003549
0004806
0002061
0000614
0000695
0003680
0006082
0000732
0005212
0003586
0007180
0005759
0004316
0007472
0001239
0001610
0000212
0007214
0005345
0000129
0008412
0004148
0002419
0004903
0003519
0004005
0008388
0000395
0002182
0005923
0001717
0006416
0005316
0002609
0007422
0005232
0003298
0008592
0003160
0006521
0005175
0002836
0002059
0006405
0003867
0000794
0006853
0007633
0004895
0003265
0007659
0003636
0002517
0005977
0006380
0004706
0003041
0005036
0005639
0001736
0007643
0006676
0001282
0001439
0000805
0001813
0004325
0008298
0003348
0001891
0004540
0006205
0006971
0008009
0007968
0004733
0007635
0005767
0000720
0005465
0000298
0005653
0002754
0004820
0004794
0005660
0005195
0003408
0002701
0000029
0003837
0005791
0008141
0002118
0003556
0002968
0002963
0003277
0008128
0003296
0007325
0003011
0000453
0006472
0004805
0000957
0007594
0000436
0005108
0003222
0001048
0003490
0003326
0000458
0002303
0008510
0002637
0005645
0003730
0007988
0000966
0001291
0005321
0005365
0008451
0007373
0004860
0005331
0001631
0005558
0005754
0007468
0003434
0008194
0004571
0001697
0006632
0002568
0000275
0007470
0002423
0003155
0003481
0007133
0003820
0004658
0002252
0003774
0004545
0007073
0008287
0003958
0005582
0001070
0002024
0000039
0007241
0004382
0002579
0008609
0007384
0000252
0000294
0000620
0001359
0002249
0003394
0006833
0008579
0004217
0002597
0002382
0000649
0001792
0002277
0005288
0000077
0000274
0004409
0001942
0006530
0003411
0001095
0000479
0000859
0005268
0006136
0000191
0002453
0007953
0008540
0000189
0000134
0003149
0001790
0008352
0002606
0008354
0000021
0003491
0001138
0001977
0002862
0007980
0003944
0007903
0001171
0002152
0006582
0003645
0001053
0000263
0004726
0001973
0007606
0007438
0001440
0004551
0008057
0006560
0003413
0007250
0003209
0008582
0001912
0005069
0001932
0000281
0005814
0003157
0003728
0006803
0006607
0002478
0008034
0002973
0004445
0004145
0002004
0002325
0001865
0007757
0007285
0000733
0001311
0007251
0000302
0007272
0003700
0004678
0003933
0006806
0001936
0003979
0003781
0002001
0000837
0002028
0000821
0008146
0000278
0006032
0000405
0006084
0003250
0004132
0008097
0003502
0005033
0003884
0006724
0001489
0001875
0008172
0005531
0005688
0007412
0008228
0001220
0007893
0002621
0007252
0005389
0008526
0002673
0004280
0005128
0004514
0005440
0004079
0005065
0008402
0001848
0006235
0005882
0005533
0000841
0001011
0005021
0007496
0004340
0006851
0002532
0007181
0005857
0007627
0003794
0004588
0000880
0005067
0005095
0008197
0003840
0002049
0005840
0003567
0005632
0006395
0001503
0002758
0004456
0006369
0002254
0001787
0005683
0004778
0006303
0006652
0004414
0007031
0003831
0004859
0006284
0000538
0007248
0008325
0006770
0002103
0000225
0001086
0000843
0004019
0007093
0005887
0006567
0004246
0005709
0008041
0008613
0005716
0006496
0004377
0007307
0003711
0004606
0008259
0007697
0001816
0004797
0002802
0007511
0001157
0003210
0002498
0004532
0007386
0006930
0001672
0000756
0002627
0000600
0006381
0000408
0000303
0006421
0002647
0006365
0008395
0005162
0004513
0002128
0003369
0005473
0004680
0006621
0008211
0006858
0004361
0000888
0006577
0004097
0000673
0000628
0003399
0000465
0003881
0002960
0000273
0005436
0001533
0006547
0004790
0002786
0006174
0006298
0007368
0001513
0002344
0007789
0004838
0004819
0002590
0002370
0007674
0008262
0002504
0001762
0003917
0000722
0006291
0000152
0007705
0001781
0002800
0005819
0006568
0000093
0005568
0008152
0006065
0005654
0005601
0002831
0004084
0006574
0005975
0006415
0001317
0001637
0004051
0000891
0004944
0007003
0005234
0002221
0002660
0004936
0008176
0002000
0007508
0004187
0007622
0004404
0003460
0004857
0002085
0004264
0000106
0001283
0000375
0002768
0003696
0003297
0002795
0002665
0006461
0000687
0001911
0006829
0000083
0002154
0007270
0007062
0001809
0003923
0007068
0008256
0008082
0000792
0000602
0001103
0004708
0006824
0005002
0003397
0003426
0000572
0003208
0004214
0000672
0000969
0002290
0004604
0008385
0006295
0007340
0006123
0004780
0007067
0001093
0000166
0001555
0002969
0001364
0001743
0008090
0000247
0004472
0005259
0007370
0000814
0001609
0004591
0000035
0007206
0001092
0008641
0007812
0003366
0007758
0008048
0005346
0008054
0005621
0007730
0001493
0002141
0007485
0001002
0007914
0001713
0003068
0004674
0007004
0003478
0008486
0004130
0002809
0005875
0001225
0006048
0000391
0000850
0003170
0001320
0001558
0001196
0006875
0001779
0002094
0007926
0003844
0008137
0007538
0004465
0002190
0001224
0006810
0004070
0002183
0001360
0002625
0002442
0004498
0007499
0002387
0008543
0006299
0005257
0007001
0003679
0002020
0006327
0007947
0006147
0000151
0002250
0006237
0008113
0007566
0007446
0002010
0003640
0002738
0004962
0004618
0007870
0005013
0006519
0007987
0003336
0000935
0003169
0001998
0002170
0003727
0008318
0000836
0001638
0004612
0004320
0007372
0008285
0000979
0002271
0000636
0007842
0005886
0005643
0000412
0005327
0001687
0003117
0006617
0008145
0005233
0007750
0002830
0008496
0005368
0002153
0005665
0007136
0004089
0000485
0003168
0004906
0003666
0005835
0000178
0006411
0001723
0000434
0001564
0002276
0006925
0001358
0006055
0004237
0006767
0001667
0008165
0006229
0005457
0002246
0002560
0006955
0007433
0007032
0005275
0004468
0000100
0007145
0007887
0008508
0005561
0006493
0000867
0001827
0006927
0006728
0006481
0007343
0001414
0002492
0000960
0004216
0004102
0005228
0006647
0004106
0000684
0005119
0004882
0001761
0006137
0002945
0007132
0004924
0004869
0004087
0003902
0000780
0008531
0001072
0001949
0005211
0000826
0005845
0001839
0006244
0003524
0000715
0007027
0002990
0002552
0000890
0003323
0006043
0000963
0002260
0002240
0003669
0001915
0004397
0007261
0000162
0006919
0006038
0002847
0004328
0004044
0000611
0005076
0006667
0007071
0008600
0005191
0001241
0004890
0000400
0005161
0007255
0004872
0004426
0003566
0000409
0004219
0000415
0007451
0005916
0003110
0007520
0002707
0007942
0007802
0003521
0000868
0002372
0002043
0003816
0007615
0008333
0005896
0002599
0001486
0002523
0000416
0002087
0000881
0004374
0008445
0002139
0006739
0004632
0004259
0001782
0001575
0005575
0004852
0002878
0000965
0001119
0006170
0003274
0000370
0006716
0000848
0001685
0000474
0007500
0003813
0003913
0006888
0004965
0002608
0007264
0003196
0008017
0000591
0005661
0002273
0002631
0005961
0005650
0006694
0002893
0008236
0006390
0005960
0004989
0001634
0007217
0002426
0002114
0005597
0007095
0004848
0006872
0001582
0008452
0000037
0006315
0006478
0006487
0004789
0007876
0004871
0000342
0003387
0001727
0008299
0003744
0007930
0008586
0005292
0003836
0006646
0002487
0005099
0001398
0007155
0006282
0007153
0006342
0005426
0006764
0004088
0008550
0004191
0003765
0003109
0004127
0001694
0003635
0007706
0003806
0001142
0006792
0000760
0005986
0003468
0005717
0003017
0008288
0007806
0006181
0007315
0004972
0004722
0000856
0001421
0000671
0007055
0001258
0000857
0008174
0007130
0001107
0001266
0000424
0006595
0002827
0001197
0002157
0000829
0003715
0000154
0001867
0002034
0006553
0005890
0005023
0004700
0003082
0007491
0006935
0003453
0002042
0001188
0000583
0003850
0007533
0001734
0002692
0001622
0002454
0003452
0000553
0004943
0001923
0002759
0001479
0007498
0005719
0002312
0008230
0004212
0003940
0004172
0004832
0002603
0007413
0007366
0001584
0004045
0006600
0003264
0006072
0007803
0002553
0004999
0006811
0003751
0003767
0001111
0000562
0008102
0005994
0000117
0002958
0007698
0000897
0005565
0005592
0007610
0005996
0007805
0000072
0005749
0008131
0000933
0001597
0002356
0004541
0004257
0004061
0002064
0003590
0001312
0006030
0006278
0001269
0005828
0001659
0007333
0005593
0002457
0005854
0001986
0002516
0005179
0005332
0007124
0007104
0004322
0007951
0003627
0003575
0004840
0001185
0001590
0003658
0000387
0007061
0001675
0005223
0007483
0000559
0001497
0000006
0008507
0005334
0007979
0004770
0007458
0005720
0001883
0006613
0007418
0005613
0006231
0001695
0000608
0001441
0004180
0007150
0006326
0001532
0004651
0007481
0004619
0006653
0005231
0007279
0004520
0007929
0005100
0006809
0004761
0006009
0004746
0003237
0001916
0008313
0006208
0000677
0004375
0000393
0004704
0002561
0007647
0004349
0002383
0004605
0000456
0004485
0000552
0002458
0000759
0003095
0000871
0003992
0005229
0002355
0004373
0000768
0005670
0008548
0005823
0007974
0008380
0006325
0002353
0004641
0004995
0004153
0001505
0006532
0004873
0000971
0005895
0008223
0008552
0007666
0004480
0007167
0004547
0007941
0000764
0002243
0000618
0000571
0000321
0006720
0007224
0003945
0002186
0005133
0000079
0006896
0002309
0001352
0002451
0004993
0000410
0004080
0000242
0008492
0001601
0005484
0001122
0005863
0003218
0007923
0005725
0007950
0007570
0003827
0005761
0008240
0003275
0003675
0007178
0002022
0003178
0003760
0002343
0003629
0007840
0003486
0008039
0003577
0005952
0000123
0003337
0002299
0000467
0005821
0002930
0000831
0005343
0006062
0008286
0004233
0005589
0003432
0002897
0005224
0001811
0000975
0002129
0008523
0000193
0008121
0003852
0004915
0004639
0002393
0004867
0006913
0004718
0007722
0003415
0005479
0005553
0005038
0005784
0008489
0000239
0006430
0003599
0006492
0007337
0007318
0007602
0003285
0002848
0005833
0005790
0000721
0002853
0008583
0006870
0005611
0000051
0002777
0000104
0006741
0000150
0003494
0005481
0001551
0001823
0004510
0005059
0004850
0006413
0004329
0005681
0005007
0003368
0001824
0000007
0002011
0008019
0005937
0003976
0008040
0004683
0006460
0006309
0001838
0008334
0003948
0005423
0001310
0005322
0003853
0004732
0008122
0005336
0001240
0002065
0007778
0006110
0001950
0003633
0004685
0001397
0006564
0001572
0007220
0001474
0001361
0001475
0001028
0005612
0006957
0006079
0007225
0004347
0007007
0000384
0008309
0001061
0001910
0003805
0004124
0007166
0002906
0006998
0003138
0003065
0007581
0002558
0007005
0005208
0001074
0006173
0001576
0006747
0008518
0002840
0003492
0008534
0006459
0006954
0002461
0003232
0004489
0004277
0003107
0004926
0001355
0006022
0001952
0005938
0005672
0005917
0003048
0004814
0008012
0005043
0001234
0002108
0001123
0007599
0003034
0005652
0004687
0008096
0006020
0000451
0001894
0003066
0005050
0004035
0007193
0006992
0006426
0002757
0007556
0000804
0007844
0000431
0002411
0004828
0004896
0000444
0007994
0008181
0006129
0005193
0003921
0006727
0005954
0001321
0001274
0002405
0005494
0001829
0005834
0005715
0003768
0003382
0004013
0007565
0005871
0007837
0000495
0003022
0007586
0002713
0007015
0001080
0006109
0001013
0007889
0005242
0004093
0000205
0003742
0004575
0005115
0001646
0002755
0003639
0007971
0001226
0005158
0004194
0007765
0007542
0002880
0006648
0003529
0002146
0007121
0005131
0003466
0007165
0004647
0004742
0001842
0002664
0006387
0008224
0002518
0007414
0006854
0005760
0000374
0002292
0007810
0000170
0000432
0008060
0000402
0007212
0000872
0005082
0000532
0000998
0004434
0003176
0002071
0003701
0008196
0002861
0007888
0003993
0005787
0002197
0007493
0003601
0001534
0003239
0005073
0001278
0001045
0008480
0007271
0000919
0002735
0000222
0004808
0001514
0000376
0008478
0004342
0002342
0005908
0004586
0000646
0000044
0005000
0002970
0004624
0003882
0007000
0002591
0001126
0003554
0000266
0005491
0005097
0002575
0002851
0002594
0004326
0005253
0007358
0002734
0000913
0006256
0007650
0002315
0004001
0006834
0008232
0003087
0005824
0007177
0002278
0004620
0006990
0005477
0000379
0004354
0005933
0000099
0001287
0006502
0007244
0000090
0006495
0004853
0003819
0001262
0005396
0002379
0002574
0006611
0000071
0006661
0006162
0004144
0004535
0006440
0002993
0005463
0004975
0000993
0007644
0005385
0003000
0001406
0005567
0001817
0005216
0004362
0008160
0005456
0007084
0001799
0005858
0007312
0007080
0003915
0003272
0006688
0004448
0003290
0003539
0002870
0003050
0006631
0002961
0005121
0001393
0003889
0003789
0004710
0002910
0002098
0001060
0001654
0005862
0006914
0000855
0005741
0002524
0006142
0008091
0004622
0006777
0007495
0004851
0006910
0002798
0006317
0004935
0002301
0007087
0003009
0000418
0005301
0002483
0001288
0004474
0000421
0000613
0006124
0007039
0002696
0003116
0007043
0004166
0006292
0005778
0008568
0003829
0005530
0003817
0001008
0008167
0008195
0003569
0007752
0000595
0005435
0007025
0000477
0006098
0002669
0007367
0007006
0004815
0006425
0000931
0008026
0004544
0001689
0003038
0005315
0000200
0002318
0008307
0002216
0006533
0005993
0005449
0001742
0005740
0002563
0001195
0000947
0007020
0000462
0004811
0000279
0005323
0006419
0004186
0004642
0003955
0006318
0001682
0004747
0004250
0005447
0001982
0003977
0007387
0007568
0006436
0006999
0005165
0001642
0001887
0004207
0006563
0008208
0004534
0001438
0002569
0003346
0007540
0007156
0005697
0006805
0001342
0006238
0001746
0001467
0000789
0004847
0001956
0003918
0006214
0006894
0002376
0002207
0004707
0001012
0001206
0004560
0000712
0001207
0003108
0003027
0004719
0003469
0005399
0008326
0004831
0007311
0000603
0004096
0001445
0002264
0002761
0001729
0002048
0000428
0000351
0008636
0004566
0007638
0003769
0007021
0003295
0001040
0006158
0005205
0007747
0002189
0003798
0007845
0004393
0003593
0005727
0001600
0001418
0005466
0002723
0004138
0002191
0000498
0004321
0006557
0003873
0003868
0003402
0007834
0004152
0001394
0004427
0001166
0008570
0006624
0008112
0001084
0000238
0004824
0008132
0001520
0004346
0001098
0003437
0006485
0007671
0008339
0006511
0004874
0001090
0004646
0007725
0003077
0000245
0003171
0003528
0001707
0005318
0001106
0002511
0007401
0004047
0006907
0006500
0002109
0000182
0000564
0006133
0003230
0006014
0000054
0006655
0006475
0004638
0004610
0005056
0002535
0006470
0005210
0004324
0000537
0007714
0007229
0005899
0001242
0000676
0005506
0005746
0000454
0006959
0003912
0008416
0002341
0007970
0008191
0007060
0005349
0008125
0005342
0007245
0005905
0002635
0000188
0008255
0007146
0008066
0003928
0005469
0005799
0008031
0007910
0000527
0001585
0005958
0001679
0008227
0008344
0007119
0007895
0006708
0005856
0003512
0004162
0007728
0003099
0008312
0004837
0003267
0001567
0005524
0006706
0003761
0002951
0002360
0000739
0000589
0003253
0001248
0003001
0001351
0004282
0008576
0004223
0005966
0005677
0005075
0000869
0005024
0003863
0000753
0008244
0004689
0004122
0004119
0003392
0004205
0007105
0004464
0005658
0003871
0001700
0000132
0004697
0001007
0005693
0001459
0004499
0005012
0000823
0008368
0008020
0002580
0004676
0002746
0005001
0007634
0004548
0006442
0001159
0005539
0001660
0001615
0000167
0007475
0000122
0000440
0002244
0002666
0006322
0008297
0006059
0005029
0001571
0001611
0007663
0000372
0008637
0005959
0006152
0005418
0005605
0008493
0003906
0002203
0004078
0006092
0002826
0004755
0000017
0006665
0006776
0001904
0002335
0005101
0003362
0004672
0008158
0000034
0005061
0005884
0003723
0007931
0002629
0005848
0000059
0002962
0005941
0001442
0000610
0002310
0001230
0000411
0004900
0005335
0003139
0003385
0008514
0001346
0005055
0006820
0001690
0004133
0006184
0005160
0002378
0004301
0004266
0002238
0006017
0006005
0005366
0001369
0004904
0007170
0007240
0003238
0003308
0002233
0003969
0008618
0005944
0007672
0002326
0003033
0005859
0004360
0008569
0005804
0002697
0003091
0002017
0004281
0008213
0002433
0007012
0002657
0005744
0008338
0007308
0000249
0002198
0007140
0005248
0003179
0001793
0003580
0005407
0002491
0002409
0008210
0003137
0000653
0003670
0006457
0000694
0003165
0000401
0006683
0002489
0007354
0004751
0008374
0003040
0001327
0007443
0004529
0006997
0001023
0002332
0002771
0007024
0008620
0004655
0006312
0003795
0000761
0007098
0004735
0003374
0004425
0003900
0007573
0003990
0007036
0003543
0000686
0007289
0004679
0007978
0001047
0003953
0001236
0000632
0005591
0004803
0001443
0000486
0003878
0004062
0000817
0001151
0002934
0007967
0000725
0007791
0003280
0001202
0001429
0007629
0008506
0007559
0001380
0004032
0004567
0003276
0005146
0005113
0002988
0008002
0003357
0007858
0005892
0004252
0004615
0003018
0004027
0003588
0005559
0003464
0003735
0001775
0008032
0008632
0004640
0006869
0003886
0006114
0003070
0005467
0005374
0001814
0001034
0002416
0001454
0007282
0005562
0005048
0004171
0003249
0000113
0006528
0005110
0002680
0007361
0004721
0002939
0003704
0001959
0000828
0004270
0000992
0000380
0005266
0006897
0000690
0005254
0001472
0008317
0007642
0002833
0006041
0004318
0006968
0003364
0006066
0007596
0000567
0003189
0007558
0006273
0003783
0003338
0008475
0006760
0008303
0002096
0005262
0003541
0008205
0007128
0007424
0006324
0006729
0002365
0005676
0008635
0005554
0001223
0000109
0006819
0007945
0000635
0006832
0004345
0002494
0000028
0001821
0003278
0002003
0006586
0002485
0006166
0008555
0001231
0005077
0008050
0008229
0000455
0003322
0001866
0006678
0006612
0005783
0005040
0001656
0000119
0007114
0007720
0006224
0003994
0003355
0001595
0003241
0004549
0004506
0003563
0006373
0001860
0005348
0002785
0008139
0007623
0002284
0003008
0000578
0003507
0000654
0005843
0002541
0003324
0008300
0007326
0001876
0007323
0005091
0000735
0001384
0008294
0007363
0007701
0003142
0002007
0002432
0005764
0007662
0006125
0002688
0004898
0003501
0004227
0002033
0007504
0006220
0001545
0007335
0000094
0005748
0000740
0007918
0002752
0003650
0001385
0006618
0004576
0002176
0008393
0001067
0001544
0007925
0003427
0005931
0000781
0002350
0007811
0001833
0001664
0006194
0008500
0004000
0006781
0005270
0000818
0002999
0002941
0005742
0001205
0007416
0000773
0000736
0007096
0000445
0000952
0005252
0008081
0006088
0005583
0008107
0005074
0004435
0005560
0006938
0004117
0002217
0005350
0006915
0001399
0001559
0005387
0001465
0006917
0003510
0005497
0002447
0004765
0001753
0005629
0002296
0004285
0002747
0005695
0002720
0008396
0002493
0005290
0008004
0007376
0004493
0005420
0003706
0002415
0002298
0007410
0006355
0000519
0001647
0001257
0005284
0000088
0007249
0000060
0001826
0000324
0005089
0001718
0008083
0003015
0003136
0002947
0007617
0006439
0000392
0000513
0001587
0005680
0002630
0000450
0000896
0001133
0000153
0008135
0000011
0001145
0003947
0007440
0001186
0008564
0008281
0007588
0006868
0002600
0007449
0003078
0003729
0000397
0000898
0001425
0003602
0008277
0006019
0006215
0006623
0002224
0006953
0006958
0005703
0002211
0004131
0006361
0002813
0004067
0008581
0004945
0004528
0006972
0002640
0000991
0006524
0007543
0007768
0005990
0003604
0001029
0000533
0001893
0001852
0004091
0001436
0007740
0005853
0000460
0007094
0002476
0004469
0005979
0004552
0000743
0007242
0006630
0008163
0005860
0004447
0006778
0004691
0006940
0007179
0006774
0008045
0004365
0006565
0001409
0003301
0002475
0001776
0005123
0000670
0002304
0000769
0004916
0000980
0005616
0008234
0000472
0007770
0005487
0004727
0003799
0003203
0005504
0004327
0000417
0000866
0006337
0004289
0000650
0001972
0005414
0005566
0001390
0005943
0004386
0001550
0004861
0002730
0002536
0008373
0008438
0005057
0006635
0005991
0002918
0007850
0001336
0006138
0000716
0005878
0002605
0005861
0005936
0006101
0004073
0001794
0006042
0006118
0003777
0007265
0002015
0002814
0004939
0006333
0002972
0002636
0003809
0004582
0000587
0007122
0005309
0003474
0001684
0003516
0004402
0006374
0005512
0005633
0003983
0008018
0003422
0006151
0001752
0005571
0004752
0006175
0008134
0001478
0002992
0007551
0002510
0007612
0000824
0005431
0002702
0007580
0003036
0007830
0001069
0002922
0006435
0006523
0005747
0001109
0003821
0005035
0000414
0008551
0005578
0004919
0006046
0005536
0000362
0007086
0007875
0000523
0007097
0001144
0007142
0006275
0004598
0006825
0004383
0008591
0006008
0004183
0002955
0000367
0001835
0004300
0002794
0004024
0006680
0004003
0005488
0008320
0002585
0006723
0008201
0003712
0001354
0000797
0001795
0000546
0003526
0002522
0005320
0007266
0000204
0006398
0003890
0003644
0004291
0006301
0008488
0004370
0005166
0004037
0008104
0000208
0002279
0007592
0008305
0000176
0000296
0008554
0002230
0003456
0008212
0005424
0008278
0004095
0004783
0006903
0003075
0002333
0007284
0005666
0007403
0005302
0000982
0003801
0004018
0003476
0006982
0002624
0006217
0007009
0005337
0007034
0007309
0002050
0006330
0008006
0001512
0005798
0008606
0006558
0000517
0005499
0001758
0007997
0006251
0003513
0007966
0001325
0003213
0003386
0006599
0001541
0004846
0005538
0001868
0006451
0001524
0002979
0004711
0000136
0000958
0002991
0004709
0002742
0007064
0007505
0006637
0004562
0004449
0000258
0001621
0004494
0001918
0003313
0004912
0007210
0001299
0008624
0006393
0004986
0004650
0002336
0003342
0000605
0006364
0004914
0001400
0008142
0008147
0003025
0002075
0001468
0007859
0006515
0007933
0003412
0002743
0000651
0005437
0006965
0002145
0001304
0002213
0004399
0006909
0008617
0006269
0007365
0002719
0005041
0002923
0007723
0002251
0005763
0005521
0006615
0007226
0004580
0005969
0002628
0007624
0006551
0004054
0004109
0000778
0001639
0005271
0005872
0008349
0000334
0001137
0002136
0002257
0007169
0003964
0004010
0004629
0001525
0006239
0007631
0002111
0005446
0005392
0000065
0000171
0003060
0006195
0007336
0002323
0006437
0003318
0001249
0004649
0007075
0002512
0006657
0004477
0008473
0005879
0004330
0006677
0006880
0000772
0007998
0004530
0005902
0004149
0006947
0001064
0008241
0008003
0008024
0007259
0004777
0004422
0005781
0008491
0007028
0006884
0000943
0000657
0003545
0003991
0000820
0001652
0007935
0000535
0000629
0000832
0001105
0007174
0006047
0001140
0008267
0006206
0006579
0006071
0006994
0000271
0000009
0000475
0002529
0002413
0007162
0003021
0005263
0000349
0008235
0008511
0007362
0003093
0005105
0004490
0002534
0003725
0007848
0005319
0006975
0000555
0003779
0007512
0002188
0005610
0003204
0002472
0006546
0006548
0007973
0006094
0006944
0001293
0008457
0006906
0000310
0008596
0006385
0005706
0007026
0002371
0005031
0005809
0003582
0005939
0008100
0001466
0001874
0000262
0005932
0000815
0000566
0004072
0008529
0005445
0007985
0000196
0003086
0005832
0008448
0005609
0000539
0005596
0007897
0003597
0003477
0000305
0007237
0006755
0006713
0002490
0003028
0007138
0003847
0002473
0007191
0005114
0003269
0008607
0005470
0002363
0008136
0006782
0004536
0003281
0003970
0007047
0005425
0008421
0003379
0006223
0002835
0007904
0000318
0006827
0006171
0004209
0007357
0003431
0002417
0006128
0000023
0002807
0006176
0004460
0006873
0003506
0000644
0001702
0007563
0006471
0006581
0008190
0005363
0001077
0006400
0000558
0008098
0004645
0001617
0000097
0008577
0005053
0003825
0007585
0004026
0006116
0001088
0008065
0006091
0007699
0007466
0001492
0007464
0003762
0000834
0005788
0002025
0002345
0006642
0003049
0007526
0002650
0003786
0001820
0001527
0001341
0002234
0007187
0006177
0003830
0006396
0005914
0005273
0006603
0002320
0008202
0003448
0000068
0007066
0008608
0004941
0006946
0004134
0003793
0007509
0007321
0007901
0007846
0007833
0006948
0006839
0005201
0005883
0000133
0003100
0004593
0006348
0004677
0003603
0005772
0005246
0007022
0006597
0001356
0008182
0006576
0000911
0002013
0000499
0002364
0004839
0008436
0000757
0007927
0008626
0005294
0004462
0002559
0006167
0002700
0000877
0008423
0005659
0005542
0007578
0003684
0001402
0004471
0002142
0003778
0004681
0007611
0001988
0001625
0003705
0005344
0002779
0000763
0006266
0001183
0008441
0007222
0004570
0005084
0007795
0007685
0007620
0001396
0008053
0000469
0003455
0000791
0006428
0001945
0005459
0004937
0004299
0004911
0000786
0001073
0003709
0004568
0005635
0006212
0004784
0002987
0006538
0003574
0006887
0007825
0001423
0005034
0003869
0002928
0002047
0001015
0001044
0006188
0002706
0001577
0002642
0002540
0005606
0006596
0000895
0006345
0006139
0001701
0000127
0006734
0002196
0004074
0008270
0003310
0007755
0008466
0007977
0003971
0006522
0002106
0003153
0006397
0008406
0000061
0006150
0001594
0004239
0004660
0003835
0005058
0007469
0002337
0000425
0007751
0003164
0000215
0003685
0001187
0006476
0007718
0002509
0006559
0001940
0008472
0003646
0000777
0002443
0008415
0008164
0005766
0007461
0005471
0008143
0004486
0006132
0004736
0003447
0005934
0000087
0007561
0003710
0001744
0004283
0005981
0005072
0004854
0000730
0001739
0001981
0002428
0000181
0003198
0006698
0007230
0002726
0002842
0000480
0003698
0001158
0005546
0006614
0003439
0006050
0002113
0004728
0003832
0005782
0005265
0008628
0000865
0000556
0001452
0004849
0001264
0008427
0004923
0001175
0001855
0000107
0001992
0008117
0001309
0006160
0004760
0000999
0001946
0001330
0007990
0004607
0002104
0006950
0007391
0003814
0000706
0004827
0007041
0000350
0004263
0006691
0004049
0000827
0000807
0003003
0006535
0004693
0003851
0008372
0007584
0001470
0003471
0007909
0003616
0005705
0007106
0000956
0005498
0002169
0003517
0004690
0001217
0007478
0007109
0002866
0004008
0004934
0001540
0005669
0007921
0005300
0007579
0006625
0007809
0007881
0007864
0003103
0007154
0004271
0005355
0006290
0001569
0006417
0008343
0002623
0002633
0004160
0000948
0001192
0003032
0006479
0005338
0006362
0006877
0000146
0007454
0003353
0001114
0008314
0000723
0005018
0003035
0007275
0001019
0006512
0000726
0002436
0002695
0003212
0002375
0002261
0007415
0008474
0003865
0006192
0008028
0005221
0008184
0001737
0004243
0001763
0005172
0008623
0005940
0001686
0007484
0006822
0007637
0008589
0006790
0002147
0003235
0004921
0006693
0005087
0007861
0004725
0004507
0001599
0008342
0008062
0004204
0008435
0001568
0000744
0004028
0001789
0001627
0004306
0001741
0007515
0000570
0006983
0003096
0008356
0005184
0005354
0001908
0001650
0000264
0001375
0003822
0006012
0000996
0007159
0004385
0000799
0000718
0005261
0001666
0003839
0006252
0003406
0004714
0007218
0003634
0005052
0008308
0000284
0001244
0008161
0007554
0008601
0004502
0006710
0003195
0005386
0007190
0004193
0006550
0002679
0007056
0002171
0000560
0001455
0001598
0007544
0002143
0003461
0006891
0005776
0008377
0007618
0000779
0004833
0000932
0003076
0001435
0000536
0003215
0007575
0002340
0001784
0007862
0004822
0004412
0002888
0002229
0007680
0007669
0007059
0005689
0005894
0001895
0003625
0002593
0006912
0007419
0007432
0002611
0004123
0000336
0004411
0003972
0005511
0008225
0003425
0000027
0004730
0007827
0001174
0006051
0001806
0004908
0002287
0005062
0007587
0002218
0001033
0005330
0004405
0002879
0000140
0008275
0001629
0001490
0003333
0001116
0007297
0001674
0002222
0005971
0007786
0002486
0006808
0005957
0008560
0001065
0001121
0006752
0004836
0001504
0001300
0002420
0002275
0001620
0004351
0005006
0008468
0001051
0005359
0004817
0000749
0006031
0000782
0006250
0000165
0001924
0007456
0006796
0008093
0002710
0004203
0004772
0000143
0004146
0000747
0005145
0008355
0007274
0001805
0003071
0003946
0007865
0004488
0008403
0006363
0008530
0007287
0002180
0001308
0002741
0000481
0000942
0000446
0005380
0002573
0008023
0003984
0005646
0006552
0002054
0008640
0007694
0004564
0007867
0006113
0001613
0006143
0008525
0005644
0008444
0005517
0002899
0001655
0004192
0002239
0003192
0002406
0007856
0007462
0006054
0000727
0007915
0008359
0008148
0004917
0001487
0008088
0003930
0003660
0005897
0004886
0004395
0001417
0004508
0002102
0008512
0006328
0002638
0001199
0007719
0005111
0006780
0004909
0006754
0006453
0003047
0004809
0004394
0001980
0002088
0001731
0001971
0002418
0005771
0003019
0001943
0003206
0006179
0005427
0001180
0007291
0004652
0003522
0007044
0004738
0002582
0008513
0006895
0007710
0007317
0005104
0003721
0006588
0001745
0003962
0004753
0007389
0003156
0001350
0004308
0007489
0006280
0001316
0002820
0005830
0005361
0005360
0006514
0005307
0000010
0005564
0003957
0005584
0005921
0007161
0001473
0008095
0000325
0006344
0004668
0000329
0000914
0004159
0006626
0005992
0004470
0001997
0005070
0007356
0003014
0008099
0003893
0000630
0004705
0002046
0000056
0006921
0007120
0002998
0006900
0000307
0004113
0001902
0005750
0007660
0003823
0005098
0002614
0004845
0003294
0003907
0002885
0008296
0007164
0005649
0004295
0007866
0000949
0004630
0005280
0006013
0000282
0001277
0001172
0007986
0007316
0002567
0004189
0003273
0005508
0001177
0001796
0000606
0004248
0003488
0004516
0003932
0004441
0003303
0005829
0003594
0006004
0000662
0000691
0007439
0004388
0003854
0003974
0005702
0003695
0006494
0006222
0003055
0000705
0000512
0004737
0002705
0006068
0005903
0007524
0002721
0000938
0001102
0004155
0007202
0001265
0007528
0005238
0000084
0000574
0004288
0000422
0005213
0008077
0003302
0001733
0007050
0002194
0002357
0003846
0004723
0000731
0001379
0004821
0006549
0005277
0001041
0004592
0008481
0004443
0003651
0000448
0004475
0007262
0003331
0002434
0004589
0007447
0003271
0004907
0006140
0000226
0005751
0008301
0006949
0001844
0004744
0005274
0008183
0000696
0007664
0007692
0002566
0000221
0003943
0003154
0003343
0005838
0001134
0007256
0004979
0008246
0006279
0000612
0004391
0004170
0002913
0007030
0000906
0002262
0007777
0003487
0000819
0002410
0006422
0001523
0000912
0004788
0008068
0005381
0001035
0003433
0007302
0006489
0005496
0003451
0003668
0004980
0003314
0004578
0005674
0006879
0000882
0001307
0006908
0006486
0005291
0002208
0007197
0004988
0003942
0008563
0002247
0008357
0006918
0008571
0002778
0000503
0001548
0005071
0005130
0005185
0002717
0005641
0008321
0008114
0004116
0006572
0005310
0005305
0005295
0005870
0004951
0006692
0000443
0000022
0007771
0005140
0008367
0003339
0004142
0004844
0005900
0005800
0005391
0004065
0001464
0001511
0002615
0001612
0003145
0001708
0002890
0008392
0008204
0004865
0000116
0001410
0000202
0000944
0006343
0007487
0000719
0002905
0007186
0005813
0003219
0007268
0002542
0005684
0004977
0007234
0007539
0005379
0005525
0006382
0002192
0004992
0002952
0005417
0001422
0006743
0001515
0006703
0008159
0002100
0006233
0004892
0007552
0000149
0006431
0005663
0003758
0002105
0001591
0006857
0004314
0005329
0003737
0002471
0003550
0002121
0002799
0003898
0005304
0004147
0004355
0006933
0004893
0001149
0005729
0001371
0004213
0002172
0001772
0006297
0001546
0007743
0007331
0007494
0002440
0006941
0003287
0004741
0007964
0003118
0007965
0005225
0002859
0006951
0002424
0003894
0001141
0003607
0002469
0003879
0002780
0003251
0007658
0001635
0008239
0000184
0007079
0006658
0005638
0005256
0004110
0002435
0007479
0002932
0008381
0002877
0001210
0004901
0006742
0002368
0004175
0007532
0004913
0007954
0005419
0003691
0002039
0008456
0007549
0000549
0007110
0006462
0000371
0001719
0006769
0004800
0001292
0000627
0007125
0003246
0005421
0002828
0003378
0006679
0008350
0003689
0003242
0007892
0000086
0000669
0000095
0006649
0000704
0007018
0000844
0004040
0004310
0008042
0003152
0001740
0003177
0004141
0003121
0001374
0003375
0006106
0001636
0007962
0000172
0008010
0008238
0006707
0006483
0005580
0006682
0006201
0008417
0001993
0001284
0006970
0003419
0006307
0001484
0007798
0004457
0002051
0004519
0001526
0001190
0002464
0001812
0007885
0007077
0001658
0002927
0004294
0001345
0000478
0006956
0003856
0003534
0006978
0002199
0002307
0004094
0002019
0005998
0008276
0006864
0004304
0006504
0000124
0003585
0001054
0001496
0006791
0002525
0000664
0001953
0008265
0003143
0003910
0007922
0001892
0000420
0007395
0001388
0003067
0003470
0001006
0005802
0006929
0004009
0007204
0002562
0002076
0001846
0004771
0002300
0003429
0003183
0000459
0004891
0002126
0001147
0004232
0006228
0008533
0005803
0000396
0002354
0005353
0008454
0002596
0002565
0008263
0000624
0006248
0005230
0000067
0000187
0000256
0002348
0006861
0007194
0003579
0005147
0006178
0002429
0001426
0002655
0006749
0006018
0000658
0007769
0003351
0004357
0004118
0007531
0006007
0007936
0002837
0004543
0004200
0006966
0002255
0007535
0001363
0000939
0002395
0000115
0005011
0007999
0000287
0006730
0005786
0002526
0006134
0008621
0000682
0006254
0005443
0004596
0002267
0001052
0002570
0006021
0001770
0001644
0004483
0002855
0005904
0002205
0001294
0002854
0003596
0005721
0008188
0008619
0003268
0008404
0005434
0005682
0006260
0001777
0005794
0007656
0000793
0002845
0001830
0006265
0000283
0003975
0001050
0004802
0000615
0004265
0000853
0008153
0002060
0000554
0003421
0004597
0005025
0000813
0006329
0001127
0002716
0002112
0005970
0000179
0004058
0006645
0000114
0004523
0004222
0008497
0000488
0004439
0004437
0001552
0005219
0005047
0003061
0007408
0002816
0006505
0008464
0002164
0002228
0005155
0000260
0002030
0003520
0008219
0000974
0000254
0008360
0001094
0005442
0004973
0003557
0000955
0000198
0005973
0003158
0002616
0003561
0008364
0007123
0007148
0003973
0004616
0004785
0005135
0002584
0001268
0000360
0000728
0002161
0004835
0007092
0006202
0006454
0008414
0003135
0001798
0008630
0003663
0004862
0000902
0002116
0003815
0001256
0006243
0004199
0004816
0008061
0005028
0001958
0000190
0000685
0002556
0002949
0005054
0003435
0001670
0000125
0007814
0005984
0008074
0000641
0000541
0004400
0004455
0003114
0007434
0004011
0005267
0004348
0001117
0008459
0000033
0005188
0001724
0004430
0006145
0004666
0006924
0003377
0006163
0001698
0003327
0006821
0000381
0007678
0003013
0001720
0006996
0005797
0003800
0006443
0001276
0000928
0001800
0001200
0000551
0006149
0002601
0005433
0003595
0006664
0006474
0005877
0008177
0004565
0003052
0008221
0001574
0005615
0008051
0002770
0005595
0002346
0006529
0005289
0006837
0004224
0000893
0006164
0007428
0006180
0004996
0005523
0003630
0008029
0006467
0000510
0006961
0000004
0001608
0005989
0004553
0002602
0004947
0003995
0001990
0000269
0007982
0004899
0001747
0004675
0008022
0004042
0005060
0005642
0005189
0001246
0007764
0007023
0004870
0005837
0008382
0004253
0001500
0007014
0005930
0006146
0008611
0005587
0002776
0006726
0007799
0001372
0001573
0004064
0007695
0007157
0005552
0006542
0003838
0001313
0005093
0002739
0000300
0002808
0001270
0000483
0001005
0005514
0007085
0004241
0002456
0001536
0000717
0005607
0004279
0007013
0004910
0008168
0005351
0002948
0002322
0003611
0006575
0007869
0003891
0008598
0002074
0001974
0003518
0001834
0007963
0003316
0004525
0000049
0006620
0003661
0006766
0003361
0003936
0002875
0002035
0003717
0007492
0002749
0004140
0007553
0008110
0003090
0002084
0003409
0001055
0002783
0004487
0003726
0001463
0003848
0003667
0006379
0008233
0006255
0005678
0000864
0007852
0008199
0004099
0007115
0008520
0006942
0002617
0006360
0007398
0007221
0003104
0001113
0007147
0005085
0008557
0005671
0000197
0002235
0000847
0008556
0000845
0002062
0000754
0004235
0004881
0001100
0005249
0003718
0005547
0002763
0006370
0005765
0002843
0004774
0000233
0002206
0008362
0007782
0003123
0001721
0003570
0008245
0003888
0003128
0003403
0001859
0008546
0001451
0004398
0000547
0008129
0005090
0004261
0000012
0001619
0003818
0006070
0000668
0001633
0004963
0007546
0000954
0001062
0007002
0004379
0007345
0000066
0007171
0007453
0000231
0002983
0005723
0001481
0000926
0001462
0002677
0005942
0001640
0002158
0008156
0003330
0008209
0004713
0000398
0003533
0001862
0003229
0002598
0003864
0000752
0000013
0005602
0008639
0006993
0001905
0003986
0006860
0004114
0003270
0005534
0001807
0005063
0004635
0003782
0007731
0003807
0003184
0008316
0005579
0000900
0006349
0004090
0002769
0008070
0006089
0001995
0002818
0006788
0003653
0000988
0002386
0003929
0007854
0002319
0005852
0006277
0007460
0003283
0008155
0002272
0003538
0002938
0007141
0003063
0005810
0005375
0007879
0008562
0004098
0002908
0008365
0000978
0001059
0005016
0003148
0002317
0008361
0005406
0006684
0006358
0007822
0001632
0007767
0001897
0001191
0006211
0003122
0003010
0006053
0001853
0003459
0004699
0002496
0006849
0000750
0002792
0008242
0008250
0004060
0000073
0001840
0007074
0002551
0004077
0001856
0001979
0000042
0005617
0000798
0002810
0006389
0002844
0004583
0003874
0000876
0005655
0005850
0006446
0004929
0006187
0005732
0004573
0003312
0008453
0000057
0001626
0004577
0007726
0001120
0007689
0000464
0005393
0001135
0000771
0002944
0001155
0007550
0000908
0008187
0003950
0006943
0000755
0004555
0003358
0006697
0003221
0003916
0000561
0000563
0003743
0001176
0004987
0002477
0001306
0002984
0004431
0008366
0001482
0002173
0006628
0003228
0008289
0004512
0004016
0004157
0002201
0000833
0005079
0003931
0000320
0008178
0004151
0007709
0002740
0003319
0004818
0005276
0000711
0003072
0000439
0004628
0008545
0007327
0003180
0006602
0004812
0000173
0006830
0003317
0007301
0005801
0007601
0008059
0005412
0004982
0006561
0007626
0001366
0005269
0000211
0001376
0004161
0006394
0007070
0004518
0007099
0006640
0001873
0006354
0003985
0008162
0006936
0005707
0004786
0008078
0003707
0005537
0000885
0008614
0003937
0005918
0002966
0000945
0000085
0000295
0008413
0000699
0003079
0001381
0005032
0005995
0005640
0002184
0000910
0004206
0004940
0005278
0004880
0001678
0005718
0005303
0006383
0007691
0000875
0004236
0008469
0008580
0004878
0004779
0000040
0006721
0001261
0005598
0000800
0003328
0003359
0002508
0006976
0003860
0007328
0002838
0003101
0001921
0002500
0007431
0006093
0006060
0003081
0001184
0005694
0004367
0002718
0007816
0005144
0002805
0001296
0002144
0008215
0007329
0000970
0005604
0002745
0006498
0007507
0002359
0006028
0005106
0006598
0004039
0007467
0004303
0000243
0001869
0007057
0001699
0007198
0008272
0007324
0004537
0005949
0004463
0003485
0006371
0008440
0005577
0005792
0005822
0006969
0000623
0003797
0008249
0004724
0007683
0000255
0001357
0002924
0005022
0000903
0007455
0001099
0002841
0001705
0005962
0003073
0002204
0003363
0005588
0000285
0003532
0004517
0008025
0000339
0005197
0003113
0002425
0002659
0006740
0005926
0006923
0007160
0001603
0007693
0006172
0004249
0005163
0007823
0006276
0006826
0005149
0001168
0008439
0003016
0000921
0004125
0006240
0002324
0004834
0006772
0003367
0003885
0002789
0001389
0008462
0007934
0006844
0003773
0005842
0008133
0003546
0003220
0005988
0003449
0006289
0000219
0003214
0005844
0001181
0000399
0004378
0000873
0005129
0003201
0006537
0002634
0005005
0000330
0002263
0001941
0003887
0006386
0005010
0004948
0007908
0004442
0007841
0004313
0002259
0002067
0000565
0004762
0008419
0003941
0005286
0001966
0003234
0001843
0003127
0006995
0002012
0003572
0003535
0008363
0002872
0005395
0004637
0003340
0007474
0000598
0003279
0004369
0001774
0004179
0002982
0001129
0007955
0005826
0002727
0008120
0004653
0003573
0003430
0008487
0007303
0003111
0006445
0005518
0001254
0006376
0001209
0005009
0004694
0000916
0008248
0000386
0008185
0007779
0004178
0002648
0000206
0008284
0001219
0001408
0006566
0008467
0008203
0007793
0000046
0004781
0001328
0000110
0006314
0007189
0003166
0001130
0004631
0002976
0003792
0003446
0001340
0001851
0007562
0001951
0007176
0002691
0002306
0005207
0001968
0001854
0006865
0007011
0005557
0007277
0003956
0000195
0002689
0005117
0007208
0005569
0008593
0001302
0008150
0001430
0001315
0008036
0005701
0004491
0001285
0002766
0008038
0000005
0000301
0002351
0007209
0005124
0004231
0001263
0000270
0007920
0000806
0007437
0002732
0007632
0006771
0000784
0004225
0007756
0000227
0002148
0006420
0006812
0003292
0007522
0000423
0000659
0006901
0007236
0005692
0006111
0004538
0006477
0007196
0002644
0007131
0005352
0005657
0007442
0007238
0001450
0000174
0002873
0000214
0007836
0000788
0002929
0000525
0003175
0008179
0002163
0006573
0006836
0008124
0001480
0007597
0008170
0006584
0004609
0002537
0005507
0002095
0006196
0005080
0004949
0002907
0003610
0000442
0003344
0000634
0006841
0002931
0001377
0005827
0006508
0006287
0004918
0000427
0003190
0006527
0002549
0005724
0000508
0005287
0003390
0000361
0001583
0006886
0002767
0000157
0001024
0006010
0001495
0000186
0002595
0001115
0000973
0008282
0002965
0004197
0003097
0006828
0002750
0003699
0004671
0002886
0004976
0003503
0000851
0000655
0007463
0006659
0000020
0002812
0004240
0007359
0008375
0007139
0000468
0004554
0006320
0003903
0001104
0005367
0002733
0005812
0001305
0004278
0003757
0006654
0001955
0005004
0003740
0006480
0605251
0606204
0607430
0601255
0606117
0606006
0606056
0604504
0603509
0606569
0603483
0600220
0605464
0607072
0607151
0603182
0607673
0603384
0603748
0601964
0606049
0603741
0604503
0607913
0606797
0604038
0601071
0604366
0601221
0601237
0606675
0606271
0607687
0606753
0603092
0604497
0603445
0605314
0606131
0604359
0600579
0602915
0606455
0601726
0607944
0606261
0601039
0606274
0606232
0606681
0606501
0600703
0607199
0605281
0606866
0600080
0603736
0607149
0607008
0604143
0600597
0600607
0601963
0606099
0606253
0601290
0607452
0601275
0604501
0603105
0606103
0601233
0607911
0605064
0608442
0607436
0603652
0603505
0601211
0606804
0604974
0604479
0605924
0606980
0605691
0605492
0603804
0601592
0601245
0601228
0603547
0601643
0605728
0601198
0604139
0606979
0603098
0606856
0604436
0606643
0602896
0606543
0606989
0605455
0603058
0601297
0605020
0607374
0603381
0607049
0606488
0601136
0600185
0600585
0608008
0606962
0604420
0606893
0605967
0606926
0604165
0600041
0607878
0605738
0607821
0601937
0601118
0604050
0607829
0604421
0601021
0603305
0604298
0606899
0603094
0606199
0601091
0606391
0604410
0604876
0603763
0601929
0604413
0601273
0607569
0605915
0608575
0603380
0601962
0603759
0602902
0606346
0605468
0604075
0600616
0607590
0605454
0601227
0604173
0605841
0605920
0601928
0604884
0606986
0608280
0603803
0606154
0607402
0608266
0604268
0606112
0603553
0608449
0605968
0604952
0604082
0605713
0603393
0607818
0603224
0604158
0604048
0603225
0606761
0604894
0606469
0606807
0603750
0606200
0605922
0601216
0604481
0603299
0604526
0603771
0605696
0606464
0601079
0605240
0606898
0608536
0607426
0607577
0601954
0607571
0604826
0603776
0604970
0601250
0607200
0603069
0601935
0603662
0607855
0605839
0606513
0605247
0608547
0604081
0604323
0606341
0606544
0606666
0604358
0603592
0600964
0603787
0606737
0606663
0605049
0604810
0604085
0608603
0607029
0606964
0604433
0604776
0603473
0603780
0603300
0604317
0600232
0603064
0604415
0605357
0607172
0605364
0601076
0602891
0605893
0607168
0603749
0604269
0603764
0608409
0606916
0601561
0601604
0605490
0601589
0601957
0600118
0601036
0601960
0607572
0603548
0608527
0605461
0604297
0601182
0601243
0604782
0606991
0604046
0607058
0600590
0600582
0603552
0605482
0607046
0608595
0606847
0605486
0600961
0608014
0606756
0603600
0606690
0603745
0606080
0601194
0601588
0606717
0603756
0606507
0600639
0601930
0604888
0603186
0603657
0608013
0600000
0602909
0601563
0606673
0603056
0608007
0606674
0605570
0601016
0607899
0600183
0604775
0606075
0606230
0608274
0604331
0606570
0604150
0605714
0608315
0606762
0603493
0601215
0606076
0604423
0604055
0606539
0606090
0607937
0605929
0605250
0604418
0606960
0607877
0606863
0606058
0602889
0606751
0603665
0605282
0600194
0605279
0603746
0600700
0606516
0603576
0605551
0603591
0608578
0603810
0601280
0606700
0604086
0600609
0603173
0603482
0606399
0601139
0607033
0603515
0604968
0605428
0604524
0600593
0605045
0603089
0604363
0600640
0605743
0603187
0607564
0600959
0608602
0603808
0606702
0603388
0603484
0604275
0601222
0605730
0608450
0606795
0605700
0606759
0603542
0606219
0601017
0607448
0603770
0606119
0603389
0601022
0604484
0607101
0604875
0601596
0604476
0602916
0605891
0600217
0608198
0604957
0607425
0606536
0605027
0601037
0605590
0604416
0607939
0606100
0606977
0607943
0601931
0606843
0605483
0602912
0604495
0607555
0603587
0608011
0600625
0605963
0607090
0601247
0608532
0603383
0605736
0601189
0607371
0607817
0601267
0603074
0600224
0606799
0600043
0604966
0600229
0608432
0601014
0604964
0600647
0603480
0604942
0603812
0606403
0606506
0605733
0600210
0606802
0605556
0608410
0605026
0600621
0601214
0601232
0605260
0606141
0606447
0605430
0606848
0606388
0604041
0606987
0606984
0608542
0606967
0606135
0608422
0608207
0606963
0606257
0608594
0605594
0605264
0604272
0601089
0605241
0604539
0606545
0600962
0607813
0605039
0606067
0608443
0604429
0603791
0607035
0606074
0607192
0606750
0606126
0607583
0603753
0607076
0606531
0608030
0600594
0604174
0606604
0606855
0606404
0605864
0601586
0604167
0605324
0603571
0601170
0607853
0604376
0600601
0603479
0607054
0603106
0606711
0606263
0606974
0601204
0605585
0607820
0606272
0606057
0606571
0608430
0606130
0605563
0606465
0607898
0605485
0607435
0600120
0603247
0606813
0601032
0606258
0604885
0606540
0606689
0606883
0606509
0606097
0600580
0606696
0606705
0606236
0605928
0600702
0608574
0605042
0604492
0606928
0606757
0606234
0607890
0608021
0605865
0600697
0606340
0604424
0607826
0606213
0606249
0603551
0605698
0605734
0607427
0601969
0605051
0608200
0603371
0605358
0605244
0607940
0603496
0606392
0606441
0606268
0608604
0606862
0601201
0606473
0604092
0600648
0603656
0604533
0607314
0601554
0605888
0608433
0607102
0606842
0601581
0607091
0606714
0603444
0603796
0606052
0604959
0603544
0604438
0605438
0607254
0607684
0604505
0607429
0601178
0608553
0606503
0603738
0608206
0603755
0603062
0601218
0607063
0600622
0605453
0608528
0604889
0601933
0600953
0602901
0606197
0601947
0606758
0607100
0606216
0604163
0607984
0606644
0607576
0603514
0601252
0605889
0604286
0600192
0603766
0604056
0605586
0607400
0603227
0603174
0606610
0604825
0605444
0603373
0604971
0603549
0604806
0600614
0606082
0604316
0601239
0600212
0608412
0604148
0603519
0605923
0605316
0603298
0608592
0606521
0606853
0604895
0605036
0606676
0601282
0604325
0604540
0606205
0606971
0608009
0605465
0604820
0606472
0604805
0600957
0603490
0607988
0601291
0605321
0605365
0608451
0607373
0605558
0603481
0603774
0604545
0607073
0605582
0601070
0600039
0607241
0600620
0603394
0608579
0600649
0600077
0604409
0601942
0606530
0601095
0605268
0606136
0600191
0608540
0600189
0603491
0601138
0607980
0601171
0607250
0608582
0601932
0606803
0604145
0607251
0606806
0601936
0603781
0608097
0605033
0606724
0601220
0607893
0607252
0604280
0604514
0605440
0604079
0606235
0601011
0605021
0605857
0603794
0605840
0606395
0604778
0604414
0607031
0607248
0600225
0601086
0607093
0605887
0606567
0605716
0604377
0604532
0606930
0600600
0604513
0605473
0608211
0606858
0604361
0604097
0600628
0603399
0605436
0606547
0607368
0604819
0606568
0605568
0604084
0606574
0604051
0604944
0607003
0601283
0606461
0607068
0600602
0603397
0606123
0604780
0607067
0601093
0601555
0605259
0607370
0600035
0601092
0607812
0607914
0603068
0607004
0603478
0601225
0601558
0601196
0608137
0601224
0606810
0604070
0604498
0608543
0607001
0606237
0607566
0604962
0606519
0607987
0604320
0607372
0600636
0605886
0604089
0603666
0601564
0606925
0606055
0608165
0606229
0605457
0606955
0607433
0607032
0605275
0607145
0607887
0605561
0606927
0606728
0606481
0600960
0606647
0604882
0606137
0604869
0604087
0608531
0601072
0601949
0603524
0600963
0606919
0604328
0604044
0600611
0607071
0608600
0601241
0604890
0607255
0604872
0604426
0607451
0605916
0607942
0604374
0606739
0605575
0600965
0601119
0606716
0603813
0604965
0608017
0600591
0605961
0602893
0606390
0605960
0605597
0607095
0606872
0601582
0608452
0600037
0606478
0606487
0607876
0604871
0603387
0601727
0603744
0606646
0607155
0606282
0607153
0606342
0605426
0604088
0608550
0603765
0603806
0605717
0607806
0607315
0604972
0607055
0601258
0601266
0606595
0601197
0605890
0605023
0603082
0603453
0601188
0600583
0603452
0604943
0605719
0604172
0607366
0601584
0604045
0606600
0606072
0606811
0603751
0603767
0601111
0608102
0600117
0605565
0605592
0607805
0601597
0604541
0603590
0606278
0601269
0605593
0605854
0604322
0603575
0601185
0601590
0603658
0607979
0604770
0605720
0606613
0606231
0600608
0607150
0604520
0606809
0603237
0606208
0604375
0604485
0603095
0604373
0608548
0604153
0606532
0604873
0608552
0604480
0607167
0604547
0607941
0600618
0600079
0606896
0604080
0601601
0605484
0601122
0605863
0605725
0607570
0603178
0603760
0603486
0603577
0600123
0605589
0602897
0600193
0605479
0605553
0605038
0603599
0607318
0608583
0606870
0606741
0603494
0605481
0601551
0604510
0605059
0604329
0608019
0605937
0606460
0605423
0605322
0601240
0601950
0601028
0606957
0606079
0607007
0603805
0607166
0602906
0606998
0603065
0607581
0607005
0601074
0603492
0608534
0606459
0606954
0603232
0604489
0604277
0603107
0601952
0605938
0605917
0604814
0608012
0605043
0601234
0601123
0606020
0603066
0605050
0604035
0607193
0606992
0607556
0604896
0606129
0606727
0601274
0605494
0605715
0603768
0603382
0607565
0605871
0607586
0601080
0601013
0607889
0605242
0604093
0600205
0603742
0601226
0606648
0603529
0607165
0606387
0606854
0607810
0604434
0603176
0607888
0603601
0603239
0601278
0600222
0604808
0600646
0607000
0601126
0603554
0605491
0604326
0605253
0606256
0608232
0603087
0606990
0605477
0604354
0605933
0601287
0606502
0607244
0601262
0606611
0606661
0604144
0604535
0605463
0604975
0605567
0604362
0608160
0605456
0605858
0607312
0606688
0603789
0602910
0605862
0606914
0605741
0606142
0601288
0604474
0600613
0606124
0604166
0608167
0603569
0600595
0605435
0606098
0607367
0607006
0604815
0604544
0605315
0600200
0606533
0605449
0605740
0601195
0604811
0605323
0605447
0607568
0606999
0601642
0608208
0604534
0607156
0605697
0606805
0606238
0601956
0606214
0606894
0601012
0601206
0601207
0603108
0607311
0604096
0603769
0603798
0603593
0605727
0601600
0605466
0604321
0607834
0604152
0604427
0601084
0604824
0606485
0607671
0606511
0604874
0601090
0603077
0603171
0603528
0605318
0607401
0604047
0606500
0600182
0606133
0603230
0606014
0606475
0605056
0606470
0604324
0601242
0605746
0606959
0607245
0600188
0607146
0605469
0608031
0607910
0601585
0607895
0606708
0605856
0603512
0604162
0603099
0601567
0606706
0603761
0600589
0601248
0604282
0608576
0605966
0605024
0603392
0605693
0604499
0608368
0608020
0604548
0606442
0600122
0606059
0605029
0606152
0605418
0604078
0606092
0606665
0608158
0600034
0605061
0605884
0605941
0600610
0601230
0604900
0603385
0605055
0604266
0606017
0606005
0607170
0607240
0603238
0603308
0607672
0605859
0604360
0603091
0604281
0605744
0607140
0605248
0603179
0603580
0608210
0606457
0606683
0604529
0606997
0601023
0603795
0607098
0603374
0604425
0607573
0607036
0603543
0607978
0601236
0600632
0605591
0604803
0601202
0607858
0605892
0603588
0605559
0603735
0608032
0606869
0606114
0603070
0605467
0601034
0605562
0605048
0604171
0603249
0606528
0601959
0604270
0605266
0606897
0605254
0608317
0604318
0606968
0606273
0603783
0606760
0605262
0608205
0607424
0606729
0605554
0601223
0600635
0608555
0601231
0606678
0606612
0605040
0600119
0601595
0603241
0604549
0604506
0608139
0600578
0603507
0605843
0606125
0604898
0606220
0605931
0607811
0605270
0605742
0601205
0607096
0600952
0605252
0606088
0605583
0604435
0605560
0606915
0601559
0606917
0603510
0605497
0604285
0605695
0607376
0604493
0605420
0601257
0607249
0601587
0601133
0601186
0608281
0607588
0606868
0607449
0603078
0603602
0608277
0606019
0606215
0606953
0606958
0608581
0604945
0604528
0606972
0606524
0603604
0601029
0604091
0605853
0607094
0607242
0608163
0605860
0604365
0603301
0608234
0605487
0603799
0604327
0604289
0600650
0605566
0601550
0605057
0602918
0607850
0606138
0605861
0605936
0606101
0604073
0606118
0603777
0604939
0603809
0600587
0605309
0603474
0603516
0608018
0606151
0605571
0605431
0607580
0607830
0601069
0606523
0605747
0605035
0608551
0605578
0607875
0607097
0607142
0606275
0606008
0606680
0605488
0606723
0608201
0603526
0605320
0600204
0606398
0604291
0604370
0604037
0600208
0608554
0603456
0605424
0608278
0604095
0603075
0607403
0603801
0603476
0606982
0606217
0607009
0607034
0605499
0606251
0603513
0603386
0606599
0600958
0607064
0604494
0603313
0601299
0606393
0607859
0606515
0605437
0606965
0606269
0605041
0604054
0601639
0605271
0601137
0607169
0605446
0603060
0603318
0601249
0607075
0606657
0604477
0604330
0606677
0604530
0604149
0604777
0604422
0607028
0606884
0603545
0607935
0600629
0607174
0608267
0606206
0606071
0606994
0605263
0603093
0604490
0605319
0606975
0603779
0606546
0606548
0606094
0601293
0606385
0605031
0603582
0605939
0608100
0605932
0604072
0608529
0605445
0607985
0600196
0603086
0608448
0605596
0607897
0603597
0603477
0606755
0606713
0607138
0605470
0604536
0607047
0605425
0608421
0603379
0606128
0606873
0603506
0600644
0607563
0606471
0605363
0601077
0606400
0608098
0608577
0605053
0607585
0606116
0601088
0606091
0603762
0606642
0603786
0606396
0605914
0605273
0606603
0608202
0603448
0607066
0604941
0603793
0607833
0605883
0603100
0603603
0605246
0606597
0608423
0607578
0603778
0606266
0601183
0608441
0607685
0603455
0601945
0605459
0601073
0606212
0606538
0603574
0606887
0607825
0605034
0601015
0606596
0606345
0606139
0604074
0603310
0606522
0606397
0601594
0605058
0600215
0601187
0606476
0601940
0608164
0605471
0604486
0606132
0603447
0605934
0607561
0604283
0600181
0606698
0606614
0606050
0605265
0601264
0601175
0601946
0603814
0604827
0604049
0606535
0607584
0607909
0600956
0605498
0603517
0601217
0607579
0607809
0603103
0607154
0604271
0604160
0601192
0606479
0601114
0608314
0601019
0606512
0608028
0605940
0603235
0607861
0604507
0601599
0606983
0603096
0601650
0605261
0606252
0605052
0601244
0608161
0607554
0608601
0604502
0606710
0606550
0607056
0601598
0603076
0607575
0607862
0604822
0604412
0607669
0605689
0607432
0604411
0607827
0601174
0606051
0605062
0607587
0601033
0608275
0601116
0606808
0601121
0606752
0605359
0604817
0606250
0606796
0604772
0604146
0603071
0604488
0608530
0606113
0606143
0602899
0607856
0606054
0607915
0603660
0604886
0604508
0601199
0606754
0604809
0601943
0605427
0601180
0607044
0606895
0607317
0606280
0605361
0605360
0606514
0605307
0605564
0605584
0605921
0606344
0604159
0608099
0600630
0606921
0606900
0604295
0605280
0601277
0601172
0607986
0607316
0601177
0603488
0604516
0603303
0603594
0606004
0605702
0606068
0604155
0601265
0600574
0604288
0603302
0604821
0606549
0605277
0604475
0607447
0606140
0600226
0605274
0600221
0605838
0601134
0606279
0600612
0604170
0602913
0607030
0603487
0601035
0606489
0605496
0603451
0603668
0603314
0606486
0607197
0606918
0606572
0605310
0605305
0605870
0604951
0608367
0604142
0602890
0608204
0600116
0600202
0606343
0602905
0605417
0606703
0608159
0606233
0604892
0603758
0601591
0606857
0604314
0603737
0603550
0604147
0604355
0606933
0604893
0605729
0600184
0606658
0601210
0604175
0605419
0606462
0601292
0600627
0603246
0605421
0603378
0606679
0603242
0606649
0600704
0604040
0603177
0604141
0603375
0608010
0606707
0606483
0605580
0606682
0606201
0601284
0606970
0604519
0601190
0604294
0606956
0603534
0606978
0604094
0608276
0606864
0606504
0600124
0601953
0608265
0603067
0606929
0604771
0603183
0604891
0608533
0600624
0606248
0600187
0606861
0607194
0603579
0606749
0606018
0604357
0606007
0607936
0604543
0606966
0600115
0606730
0606134
0606254
0605443
0604483
0601294
0603596
0605721
0605434
0606260
0606265
0604802
0600615
0605025
0601127
0606645
0604523
0604439
0604437
0601552
0605047
0603061
0606505
0601094
0605442
0604973
0600955
0600198
0607148
0601268
0607092
0606202
0606454
0603663
0601256
0604816
0605028
0601958
0600190
0605054
0600125
0607814
0600641
0607434
0605267
0601117
0600033
0604430
0606145
0606924
0603377
0606996
0603800
0606443
0601276
0601200
0605433
0603595
0606664
0606474
0605595
0606529
0607428
0608029
0606467
0606961
0604947
0607982
0604899
0604042
0605060
0601246
0604870
0605837
0605930
0606146
0605587
0606726
0607157
0605552
0606542
0601270
0604279
0608168
0603518
0603316
0604525
0603661
0604140
0603090
0604487
0603667
0608233
0606255
0607852
0608199
0603104
0601113
0607147
0600197
0604881
0605249
0604774
0603570
0608546
0606070
0604963
0600954
0607002
0607171
0607453
0600231
0605723
0601640
0608156
0608209
0603533
0603229
0606993
0606860
0605063
0603782
0603807
0603184
0608316
0605579
0604090
0606089
0603653
0607854
0605852
0606277
0608155
0607141
0603063
0602908
0606684
0607822
0601191
0606211
0606053
0606849
0607074
0604077
0600042
0606389
0606446
0605732
0603312
0608453
0601120
0601135
0606697
0603743
0601176
0604431
0608366
0603228
0604512
0604157
0604151
0603319
0604818
0605276
0603072
0608545
0603180
0606602
0604812
0603317
0605269
0600211
0604161
0606394
0607070
0604518
0607099
0608162
0605918
0608413
0600699
0603079
0605032
0604940
0605278
0604880
0605718
0606383
0608580
0604878
0604779
0600040
0601261
0605598
0606976
0603101
0607431
0606093
0606060
0603081
0601184
0605694
0604367
0607816
0601296
0606598
0604039
0607057
0607198
0608272
0604537
0603485
0608440
0605577
0606969
0600623
0603797
0605022
0605962
0603073
0605588
0603532
0604517
0606740
0605926
0606923
0601603
0607823
0606276
0607934
0606844
0603773
0605842
0603546
0603449
0600219
0605844
0601181
0604378
0606537
0601941
0606386
0604948
0601966
0603234
0606995
0603572
0603535
0600598
0604369
0601129
0603573
0606445
0601254
0601209
0600206
0601219
0608203
0604781
0601130
0603792
0603446
0607562
0601951
0601968
0606865
0605557
0600195
0605569
0608593
0605701
0604491
0601285
0601263
0607437
0600227
0606812
0605692
0604538
0606477
0607196
0600214
0603175
0606573
0608170
0606196
0604949
0602907
0600634
0606508
0606527
0605724
0603390
0601583
0606886
0601024
0600186
0601115
0603097
0606659
0607139
0604278
0603757
0601955
0603740
0606480